PRISM
=====

Version: 4.2.1
Date: Tue Oct 13 00:22:32 CEST 2015
Hostname: Scarlet.local
Command line: prism -importmodel export/arena1_D4N3.all -mdp formulae/arena.props -prop avoid1

Importing model (MDP) from "export/arena1_D4N3.tra", "export/arena1_D4N3.sta", "export/arena1_D4N3.lab"...

Parsing properties file "formulae/arena.props"...

2 properties:
(1) "avoid1": filter(print, Pmin=? [ G<=1 (obs=1) ], true)
(2) "avoid2": filter(print, Pmin=? [ G<=1 (obs!=12&obs!=29&obs!=25&obs!=20&obs!=21&obs!=23&obs!=14&obs!=31&obs!=9&obs!=30&obs!=18&obs!=28&obs!=24&obs!=27&obs!=15&obs!=5) ], true)

---------------------------------------------------------------------

Model checking: "avoid1": filter(print, Pmin=? [ G<=1 (obs=1) ], true)

Building model...

Computing reachable states...

Reachability (BFS): 7 iterations in 0.02 seconds (average 0.002429, setup 0.00)

Time for model construction: 22.862 seconds.

Type:        MDP
States:      4096 (1 initial)
Transitions: 327680
Choices:     20480

Transition matrix: 49835 nodes (7 terminal), 327680 minterms, vars: 13r/13c/5nd

Prob0A: 4 iterations in 0.19 seconds (average 0.047250, setup 0.00)

yes = 1024, no = 0, maybe = 3072

Computing probabilities...
Engine: Hybrid

Building hybrid MTBDD matrices... [nm=5, levels=13, nodes=76924] [3.5 MB]
Adding sparse bits... [levels=13-13, num=5, compact=5/5] [970.2 KB]
Creating vector for yes... [dist=2, compact] [8.0 KB]
Allocating iteration vectors... [3 x 32.0 KB]
TOTAL: [4.6 MB]

Starting iterations...

Iterative method: 1 iterations in 0.83 seconds (average 0.001000, setup 0.83)

States satisfying filter true: 4096

Results (non-zero only) for filter true:
2:(0,0,0,0,0,2,1)=0.5000000000002001
3:(0,0,0,0,0,3,1)=0.666666666667
5:(0,0,0,0,1,1,1)=0.5999999999998
6:(0,0,0,0,1,2,1)=0.5999999999998
7:(0,0,0,0,1,3,1)=1.0
8:(0,0,0,0,2,0,1)=0.5000000000002001
9:(0,0,0,0,2,1,1)=0.5999999999998
10:(0,0,0,0,2,2,1)=1.0
11:(0,0,0,0,2,3,1)=1.0
12:(0,0,0,0,3,0,1)=0.666666666667
13:(0,0,0,0,3,1,1)=1.0
14:(0,0,0,0,3,2,1)=1.0
15:(0,0,0,0,3,3,1)=1.0
18:(0,0,0,1,0,2,1)=0.5
19:(0,0,0,1,0,3,1)=0.6666666666668
21:(0,0,0,1,1,1,1)=0.6000000000000001
22:(0,0,0,1,1,2,1)=0.6000000000000001
23:(0,0,0,1,1,3,1)=1.0
24:(0,0,0,1,2,0,1)=0.5
25:(0,0,0,1,2,1,1)=0.6000000000000001
26:(0,0,0,1,2,2,1)=1.0
27:(0,0,0,1,2,3,1)=1.0
28:(0,0,0,1,3,0,1)=0.6666666666668
29:(0,0,0,1,3,1,1)=1.0
30:(0,0,0,1,3,2,1)=1.0
31:(0,0,0,1,3,3,1)=1.0
34:(0,0,0,2,0,2,1)=0.5
35:(0,0,0,2,0,3,1)=0.6666666666668
37:(0,0,0,2,1,1,1)=0.6000000000000001
38:(0,0,0,2,1,2,1)=0.6000000000000001
39:(0,0,0,2,1,3,1)=1.0
40:(0,0,0,2,2,0,1)=0.5
41:(0,0,0,2,2,1,1)=0.6000000000000001
42:(0,0,0,2,2,2,1)=1.0
43:(0,0,0,2,2,3,1)=1.0
44:(0,0,0,2,3,0,1)=0.6666666666668
45:(0,0,0,2,3,1,1)=1.0
46:(0,0,0,2,3,2,1)=1.0
47:(0,0,0,2,3,3,1)=1.0
50:(0,0,0,3,0,2,1)=0.5000000000002001
51:(0,0,0,3,0,3,1)=0.666666666667
53:(0,0,0,3,1,1,1)=0.5999999999998
54:(0,0,0,3,1,2,1)=0.5999999999998
55:(0,0,0,3,1,3,1)=1.0
56:(0,0,0,3,2,0,1)=0.5000000000002001
57:(0,0,0,3,2,1,1)=0.5999999999998
58:(0,0,0,3,2,2,1)=1.0
59:(0,0,0,3,2,3,1)=1.0
60:(0,0,0,3,3,0,1)=0.666666666667
61:(0,0,0,3,3,1,1)=1.0
62:(0,0,0,3,3,2,1)=1.0
63:(0,0,0,3,3,3,1)=1.0
66:(0,0,1,0,0,2,1)=0.5
67:(0,0,1,0,0,3,1)=0.6666666666668
69:(0,0,1,0,1,1,1)=0.6000000000000001
70:(0,0,1,0,1,2,1)=0.6000000000000001
71:(0,0,1,0,1,3,1)=1.0
72:(0,0,1,0,2,0,1)=0.5
73:(0,0,1,0,2,1,1)=0.6000000000000001
74:(0,0,1,0,2,2,1)=1.0
75:(0,0,1,0,2,3,1)=1.0
76:(0,0,1,0,3,0,1)=0.6666666666668
77:(0,0,1,0,3,1,1)=1.0
78:(0,0,1,0,3,2,1)=1.0
79:(0,0,1,0,3,3,1)=1.0
82:(0,0,1,1,0,2,1)=0.5
83:(0,0,1,1,0,3,1)=0.6666666666665
85:(0,0,1,1,1,1,1)=0.6000000000000001
86:(0,0,1,1,1,2,1)=0.6000000000000001
87:(0,0,1,1,1,3,1)=1.0
88:(0,0,1,1,2,0,1)=0.5
89:(0,0,1,1,2,1,1)=0.6000000000000001
90:(0,0,1,1,2,2,1)=1.0
91:(0,0,1,1,2,3,1)=1.0
92:(0,0,1,1,3,0,1)=0.6666666666665
93:(0,0,1,1,3,1,1)=1.0
94:(0,0,1,1,3,2,1)=1.0
95:(0,0,1,1,3,3,1)=1.0
98:(0,0,1,2,0,2,1)=0.5
99:(0,0,1,2,0,3,1)=0.6666666666665
101:(0,0,1,2,1,1,1)=0.6000000000000001
102:(0,0,1,2,1,2,1)=0.6000000000000001
103:(0,0,1,2,1,3,1)=1.0
104:(0,0,1,2,2,0,1)=0.5
105:(0,0,1,2,2,1,1)=0.6000000000000001
106:(0,0,1,2,2,2,1)=1.0
107:(0,0,1,2,2,3,1)=1.0
108:(0,0,1,2,3,0,1)=0.6666666666665
109:(0,0,1,2,3,1,1)=1.0
110:(0,0,1,2,3,2,1)=1.0
111:(0,0,1,2,3,3,1)=1.0
114:(0,0,1,3,0,2,1)=0.5
115:(0,0,1,3,0,3,1)=0.6666666666668
117:(0,0,1,3,1,1,1)=0.6000000000000001
118:(0,0,1,3,1,2,1)=0.6000000000000001
119:(0,0,1,3,1,3,1)=1.0
120:(0,0,1,3,2,0,1)=0.5
121:(0,0,1,3,2,1,1)=0.6000000000000001
122:(0,0,1,3,2,2,1)=1.0
123:(0,0,1,3,2,3,1)=1.0
124:(0,0,1,3,3,0,1)=0.6666666666668
125:(0,0,1,3,3,1,1)=1.0
126:(0,0,1,3,3,2,1)=1.0
127:(0,0,1,3,3,3,1)=1.0
130:(0,0,2,0,0,2,1)=0.5
131:(0,0,2,0,0,3,1)=0.6666666666668
133:(0,0,2,0,1,1,1)=0.6000000000000001
134:(0,0,2,0,1,2,1)=0.6000000000000001
135:(0,0,2,0,1,3,1)=1.0
136:(0,0,2,0,2,0,1)=0.5
137:(0,0,2,0,2,1,1)=0.6000000000000001
138:(0,0,2,0,2,2,1)=1.0
139:(0,0,2,0,2,3,1)=1.0
140:(0,0,2,0,3,0,1)=0.6666666666668
141:(0,0,2,0,3,1,1)=1.0
142:(0,0,2,0,3,2,1)=1.0
143:(0,0,2,0,3,3,1)=1.0
146:(0,0,2,1,0,2,1)=0.5
147:(0,0,2,1,0,3,1)=0.6666666666665
149:(0,0,2,1,1,1,1)=0.6000000000000001
150:(0,0,2,1,1,2,1)=0.6000000000000001
151:(0,0,2,1,1,3,1)=1.0
152:(0,0,2,1,2,0,1)=0.5
153:(0,0,2,1,2,1,1)=0.6000000000000001
154:(0,0,2,1,2,2,1)=1.0
155:(0,0,2,1,2,3,1)=1.0
156:(0,0,2,1,3,0,1)=0.6666666666665
157:(0,0,2,1,3,1,1)=1.0
158:(0,0,2,1,3,2,1)=1.0
159:(0,0,2,1,3,3,1)=1.0
162:(0,0,2,2,0,2,1)=0.5
163:(0,0,2,2,0,3,1)=0.6666666666665
165:(0,0,2,2,1,1,1)=0.6000000000000001
166:(0,0,2,2,1,2,1)=0.6000000000000001
167:(0,0,2,2,1,3,1)=1.0
168:(0,0,2,2,2,0,1)=0.5
169:(0,0,2,2,2,1,1)=0.6000000000000001
170:(0,0,2,2,2,2,1)=1.0
171:(0,0,2,2,2,3,1)=1.0
172:(0,0,2,2,3,0,1)=0.6666666666665
173:(0,0,2,2,3,1,1)=1.0
174:(0,0,2,2,3,2,1)=1.0
175:(0,0,2,2,3,3,1)=1.0
178:(0,0,2,3,0,2,1)=0.5
179:(0,0,2,3,0,3,1)=0.6666666666668
181:(0,0,2,3,1,1,1)=0.6000000000000001
182:(0,0,2,3,1,2,1)=0.6000000000000001
183:(0,0,2,3,1,3,1)=1.0
184:(0,0,2,3,2,0,1)=0.5
185:(0,0,2,3,2,1,1)=0.6000000000000001
186:(0,0,2,3,2,2,1)=1.0
187:(0,0,2,3,2,3,1)=1.0
188:(0,0,2,3,3,0,1)=0.6666666666668
189:(0,0,2,3,3,1,1)=1.0
190:(0,0,2,3,3,2,1)=1.0
191:(0,0,2,3,3,3,1)=1.0
194:(0,0,3,0,0,2,1)=0.5000000000002001
195:(0,0,3,0,0,3,1)=0.666666666667
197:(0,0,3,0,1,1,1)=0.5999999999998
198:(0,0,3,0,1,2,1)=0.5999999999998
199:(0,0,3,0,1,3,1)=1.0
200:(0,0,3,0,2,0,1)=0.5000000000002001
201:(0,0,3,0,2,1,1)=0.5999999999998
202:(0,0,3,0,2,2,1)=1.0
203:(0,0,3,0,2,3,1)=1.0
204:(0,0,3,0,3,0,1)=0.666666666667
205:(0,0,3,0,3,1,1)=1.0
206:(0,0,3,0,3,2,1)=1.0
207:(0,0,3,0,3,3,1)=1.0
210:(0,0,3,1,0,2,1)=0.5
211:(0,0,3,1,0,3,1)=0.6666666666668
213:(0,0,3,1,1,1,1)=0.6000000000000001
214:(0,0,3,1,1,2,1)=0.6000000000000001
215:(0,0,3,1,1,3,1)=1.0
216:(0,0,3,1,2,0,1)=0.5
217:(0,0,3,1,2,1,1)=0.6000000000000001
218:(0,0,3,1,2,2,1)=1.0
219:(0,0,3,1,2,3,1)=1.0
220:(0,0,3,1,3,0,1)=0.6666666666668
221:(0,0,3,1,3,1,1)=1.0
222:(0,0,3,1,3,2,1)=1.0
223:(0,0,3,1,3,3,1)=1.0
226:(0,0,3,2,0,2,1)=0.5
227:(0,0,3,2,0,3,1)=0.6666666666668
229:(0,0,3,2,1,1,1)=0.6000000000000001
230:(0,0,3,2,1,2,1)=0.6000000000000001
231:(0,0,3,2,1,3,1)=1.0
232:(0,0,3,2,2,0,1)=0.5
233:(0,0,3,2,2,1,1)=0.6000000000000001
234:(0,0,3,2,2,2,1)=1.0
235:(0,0,3,2,2,3,1)=1.0
236:(0,0,3,2,3,0,1)=0.6666666666668
237:(0,0,3,2,3,1,1)=1.0
238:(0,0,3,2,3,2,1)=1.0
239:(0,0,3,2,3,3,1)=1.0
242:(0,0,3,3,0,2,1)=0.5000000000002001
243:(0,0,3,3,0,3,1)=0.666666666667
245:(0,0,3,3,1,1,1)=0.5999999999998
246:(0,0,3,3,1,2,1)=0.5999999999998
247:(0,0,3,3,1,3,1)=1.0
248:(0,0,3,3,2,0,1)=0.5000000000002001
249:(0,0,3,3,2,1,1)=0.5999999999998
250:(0,0,3,3,2,2,1)=1.0
251:(0,0,3,3,2,3,1)=1.0
252:(0,0,3,3,3,0,1)=0.666666666667
253:(0,0,3,3,3,1,1)=1.0
254:(0,0,3,3,3,2,1)=1.0
255:(0,0,3,3,3,3,1)=1.0
259:(0,1,0,0,0,3,1)=0.33333333333399995
260:(0,1,0,0,1,0,1)=0.5000000000002001
262:(0,1,0,0,1,2,1)=0.5999999999998
263:(0,1,0,0,1,3,1)=0.5000000000002001
264:(0,1,0,0,2,0,1)=0.5000000000002001
265:(0,1,0,0,2,1,1)=0.5999999999998
266:(0,1,0,0,2,2,1)=0.5999999999998
267:(0,1,0,0,2,3,1)=1.0
268:(0,1,0,0,3,0,1)=1.0
269:(0,1,0,0,3,1,1)=0.7500000000001
270:(0,1,0,0,3,2,1)=1.0
271:(0,1,0,0,3,3,1)=1.0
275:(0,1,0,1,0,3,1)=0.33333333333360005
276:(0,1,0,1,1,0,1)=0.5
278:(0,1,0,1,1,2,1)=0.6000000000000001
279:(0,1,0,1,1,3,1)=0.5
280:(0,1,0,1,2,0,1)=0.5
281:(0,1,0,1,2,1,1)=0.6000000000000001
282:(0,1,0,1,2,2,1)=0.6000000000000001
283:(0,1,0,1,2,3,1)=1.0
284:(0,1,0,1,3,0,1)=1.0
285:(0,1,0,1,3,1,1)=0.75
286:(0,1,0,1,3,2,1)=1.0
287:(0,1,0,1,3,3,1)=1.0
291:(0,1,0,2,0,3,1)=0.33333333333360005
292:(0,1,0,2,1,0,1)=0.5
294:(0,1,0,2,1,2,1)=0.6000000000000001
295:(0,1,0,2,1,3,1)=0.5
296:(0,1,0,2,2,0,1)=0.5
297:(0,1,0,2,2,1,1)=0.6000000000000001
298:(0,1,0,2,2,2,1)=0.6000000000000001
299:(0,1,0,2,2,3,1)=1.0
300:(0,1,0,2,3,0,1)=1.0
301:(0,1,0,2,3,1,1)=0.75
302:(0,1,0,2,3,2,1)=1.0
303:(0,1,0,2,3,3,1)=1.0
307:(0,1,0,3,0,3,1)=0.33333333333399995
308:(0,1,0,3,1,0,1)=0.5000000000002001
310:(0,1,0,3,1,2,1)=0.5999999999998
311:(0,1,0,3,1,3,1)=0.5000000000002001
312:(0,1,0,3,2,0,1)=0.5000000000002001
313:(0,1,0,3,2,1,1)=0.5999999999998
314:(0,1,0,3,2,2,1)=0.5999999999998
315:(0,1,0,3,2,3,1)=1.0
316:(0,1,0,3,3,0,1)=1.0
317:(0,1,0,3,3,1,1)=0.7500000000001
318:(0,1,0,3,3,2,1)=1.0
319:(0,1,0,3,3,3,1)=1.0
323:(0,1,1,0,0,3,1)=0.33333333333360005
324:(0,1,1,0,1,0,1)=0.5
326:(0,1,1,0,1,2,1)=0.6000000000000001
327:(0,1,1,0,1,3,1)=0.5
328:(0,1,1,0,2,0,1)=0.5
329:(0,1,1,0,2,1,1)=0.6000000000000001
330:(0,1,1,0,2,2,1)=0.6000000000000001
331:(0,1,1,0,2,3,1)=1.0
332:(0,1,1,0,3,0,1)=1.0
333:(0,1,1,0,3,1,1)=0.75
334:(0,1,1,0,3,2,1)=1.0
335:(0,1,1,0,3,3,1)=1.0
339:(0,1,1,1,0,3,1)=0.3333333333330001
340:(0,1,1,1,1,0,1)=0.5
342:(0,1,1,1,1,2,1)=0.6000000000000001
343:(0,1,1,1,1,3,1)=0.5
344:(0,1,1,1,2,0,1)=0.5
345:(0,1,1,1,2,1,1)=0.6000000000000001
346:(0,1,1,1,2,2,1)=0.6000000000000001
347:(0,1,1,1,2,3,1)=1.0
348:(0,1,1,1,3,0,1)=1.0
349:(0,1,1,1,3,1,1)=0.75
350:(0,1,1,1,3,2,1)=1.0
351:(0,1,1,1,3,3,1)=1.0
355:(0,1,1,2,0,3,1)=0.3333333333330001
356:(0,1,1,2,1,0,1)=0.5
358:(0,1,1,2,1,2,1)=0.6000000000000001
359:(0,1,1,2,1,3,1)=0.5
360:(0,1,1,2,2,0,1)=0.5
361:(0,1,1,2,2,1,1)=0.6000000000000001
362:(0,1,1,2,2,2,1)=0.6000000000000001
363:(0,1,1,2,2,3,1)=1.0
364:(0,1,1,2,3,0,1)=1.0
365:(0,1,1,2,3,1,1)=0.75
366:(0,1,1,2,3,2,1)=1.0
367:(0,1,1,2,3,3,1)=1.0
371:(0,1,1,3,0,3,1)=0.33333333333360005
372:(0,1,1,3,1,0,1)=0.5
374:(0,1,1,3,1,2,1)=0.6000000000000001
375:(0,1,1,3,1,3,1)=0.5
376:(0,1,1,3,2,0,1)=0.5
377:(0,1,1,3,2,1,1)=0.6000000000000001
378:(0,1,1,3,2,2,1)=0.6000000000000001
379:(0,1,1,3,2,3,1)=1.0
380:(0,1,1,3,3,0,1)=1.0
381:(0,1,1,3,3,1,1)=0.75
382:(0,1,1,3,3,2,1)=1.0
383:(0,1,1,3,3,3,1)=1.0
387:(0,1,2,0,0,3,1)=0.33333333333360005
388:(0,1,2,0,1,0,1)=0.5
390:(0,1,2,0,1,2,1)=0.6000000000000001
391:(0,1,2,0,1,3,1)=0.5
392:(0,1,2,0,2,0,1)=0.5
393:(0,1,2,0,2,1,1)=0.6000000000000001
394:(0,1,2,0,2,2,1)=0.6000000000000001
395:(0,1,2,0,2,3,1)=1.0
396:(0,1,2,0,3,0,1)=1.0
397:(0,1,2,0,3,1,1)=0.75
398:(0,1,2,0,3,2,1)=1.0
399:(0,1,2,0,3,3,1)=1.0
403:(0,1,2,1,0,3,1)=0.3333333333330001
404:(0,1,2,1,1,0,1)=0.5
406:(0,1,2,1,1,2,1)=0.6000000000000001
407:(0,1,2,1,1,3,1)=0.5
408:(0,1,2,1,2,0,1)=0.5
409:(0,1,2,1,2,1,1)=0.6000000000000001
410:(0,1,2,1,2,2,1)=0.6000000000000001
411:(0,1,2,1,2,3,1)=1.0
412:(0,1,2,1,3,0,1)=1.0
413:(0,1,2,1,3,1,1)=0.75
414:(0,1,2,1,3,2,1)=1.0
415:(0,1,2,1,3,3,1)=1.0
419:(0,1,2,2,0,3,1)=0.3333333333330001
420:(0,1,2,2,1,0,1)=0.5
422:(0,1,2,2,1,2,1)=0.6000000000000001
423:(0,1,2,2,1,3,1)=0.5
424:(0,1,2,2,2,0,1)=0.5
425:(0,1,2,2,2,1,1)=0.6000000000000001
426:(0,1,2,2,2,2,1)=0.6000000000000001
427:(0,1,2,2,2,3,1)=1.0
428:(0,1,2,2,3,0,1)=1.0
429:(0,1,2,2,3,1,1)=0.75
430:(0,1,2,2,3,2,1)=1.0
431:(0,1,2,2,3,3,1)=1.0
435:(0,1,2,3,0,3,1)=0.33333333333360005
436:(0,1,2,3,1,0,1)=0.5
438:(0,1,2,3,1,2,1)=0.6000000000000001
439:(0,1,2,3,1,3,1)=0.5
440:(0,1,2,3,2,0,1)=0.5
441:(0,1,2,3,2,1,1)=0.6000000000000001
442:(0,1,2,3,2,2,1)=0.6000000000000001
443:(0,1,2,3,2,3,1)=1.0
444:(0,1,2,3,3,0,1)=1.0
445:(0,1,2,3,3,1,1)=0.75
446:(0,1,2,3,3,2,1)=1.0
447:(0,1,2,3,3,3,1)=1.0
451:(0,1,3,0,0,3,1)=0.33333333333399995
452:(0,1,3,0,1,0,1)=0.5000000000002001
454:(0,1,3,0,1,2,1)=0.5999999999998
455:(0,1,3,0,1,3,1)=0.5000000000002001
456:(0,1,3,0,2,0,1)=0.5000000000002001
457:(0,1,3,0,2,1,1)=0.5999999999998
458:(0,1,3,0,2,2,1)=0.5999999999998
459:(0,1,3,0,2,3,1)=1.0
460:(0,1,3,0,3,0,1)=1.0
461:(0,1,3,0,3,1,1)=0.7500000000001
462:(0,1,3,0,3,2,1)=1.0
463:(0,1,3,0,3,3,1)=1.0
467:(0,1,3,1,0,3,1)=0.33333333333360005
468:(0,1,3,1,1,0,1)=0.5
470:(0,1,3,1,1,2,1)=0.6000000000000001
471:(0,1,3,1,1,3,1)=0.5
472:(0,1,3,1,2,0,1)=0.5
473:(0,1,3,1,2,1,1)=0.6000000000000001
474:(0,1,3,1,2,2,1)=0.6000000000000001
475:(0,1,3,1,2,3,1)=1.0
476:(0,1,3,1,3,0,1)=1.0
477:(0,1,3,1,3,1,1)=0.75
478:(0,1,3,1,3,2,1)=1.0
479:(0,1,3,1,3,3,1)=1.0
483:(0,1,3,2,0,3,1)=0.33333333333360005
484:(0,1,3,2,1,0,1)=0.5
486:(0,1,3,2,1,2,1)=0.6000000000000001
487:(0,1,3,2,1,3,1)=0.5
488:(0,1,3,2,2,0,1)=0.5
489:(0,1,3,2,2,1,1)=0.6000000000000001
490:(0,1,3,2,2,2,1)=0.6000000000000001
491:(0,1,3,2,2,3,1)=1.0
492:(0,1,3,2,3,0,1)=1.0
493:(0,1,3,2,3,1,1)=0.75
494:(0,1,3,2,3,2,1)=1.0
495:(0,1,3,2,3,3,1)=1.0
499:(0,1,3,3,0,3,1)=0.33333333333399995
500:(0,1,3,3,1,0,1)=0.5000000000002001
502:(0,1,3,3,1,2,1)=0.5999999999998
503:(0,1,3,3,1,3,1)=0.5000000000002001
504:(0,1,3,3,2,0,1)=0.5000000000002001
505:(0,1,3,3,2,1,1)=0.5999999999998
506:(0,1,3,3,2,2,1)=0.5999999999998
507:(0,1,3,3,2,3,1)=1.0
508:(0,1,3,3,3,0,1)=1.0
509:(0,1,3,3,3,1,1)=0.7500000000001
510:(0,1,3,3,3,2,1)=1.0
511:(0,1,3,3,3,3,1)=1.0
512:(0,2,0,0,0,0,1)=0.33333333333399995
516:(0,2,0,0,1,0,1)=0.5000000000002001
517:(0,2,0,0,1,1,1)=0.5999999999998
519:(0,2,0,0,1,3,1)=0.5000000000002001
520:(0,2,0,0,2,0,1)=1.0
521:(0,2,0,0,2,1,1)=0.5999999999998
522:(0,2,0,0,2,2,1)=0.5999999999998
523:(0,2,0,0,2,3,1)=0.5000000000002001
524:(0,2,0,0,3,0,1)=1.0
525:(0,2,0,0,3,1,1)=1.0
526:(0,2,0,0,3,2,1)=0.7500000000001
527:(0,2,0,0,3,3,1)=1.0
528:(0,2,0,1,0,0,1)=0.33333333333360005
532:(0,2,0,1,1,0,1)=0.5
533:(0,2,0,1,1,1,1)=0.6000000000000001
535:(0,2,0,1,1,3,1)=0.5
536:(0,2,0,1,2,0,1)=1.0
537:(0,2,0,1,2,1,1)=0.6000000000000001
538:(0,2,0,1,2,2,1)=0.6000000000000001
539:(0,2,0,1,2,3,1)=0.5
540:(0,2,0,1,3,0,1)=1.0
541:(0,2,0,1,3,1,1)=1.0
542:(0,2,0,1,3,2,1)=0.75
543:(0,2,0,1,3,3,1)=1.0
544:(0,2,0,2,0,0,1)=0.33333333333360005
548:(0,2,0,2,1,0,1)=0.5
549:(0,2,0,2,1,1,1)=0.6000000000000001
551:(0,2,0,2,1,3,1)=0.5
552:(0,2,0,2,2,0,1)=1.0
553:(0,2,0,2,2,1,1)=0.6000000000000001
554:(0,2,0,2,2,2,1)=0.6000000000000001
555:(0,2,0,2,2,3,1)=0.5
556:(0,2,0,2,3,0,1)=1.0
557:(0,2,0,2,3,1,1)=1.0
558:(0,2,0,2,3,2,1)=0.75
559:(0,2,0,2,3,3,1)=1.0
560:(0,2,0,3,0,0,1)=0.33333333333399995
564:(0,2,0,3,1,0,1)=0.5000000000002001
565:(0,2,0,3,1,1,1)=0.5999999999998
567:(0,2,0,3,1,3,1)=0.5000000000002001
568:(0,2,0,3,2,0,1)=1.0
569:(0,2,0,3,2,1,1)=0.5999999999998
570:(0,2,0,3,2,2,1)=0.5999999999998
571:(0,2,0,3,2,3,1)=0.5000000000002001
572:(0,2,0,3,3,0,1)=1.0
573:(0,2,0,3,3,1,1)=1.0
574:(0,2,0,3,3,2,1)=0.7500000000001
575:(0,2,0,3,3,3,1)=1.0
576:(0,2,1,0,0,0,1)=0.33333333333360005
580:(0,2,1,0,1,0,1)=0.5
581:(0,2,1,0,1,1,1)=0.6000000000000001
583:(0,2,1,0,1,3,1)=0.5
584:(0,2,1,0,2,0,1)=1.0
585:(0,2,1,0,2,1,1)=0.6000000000000001
586:(0,2,1,0,2,2,1)=0.6000000000000001
587:(0,2,1,0,2,3,1)=0.5
588:(0,2,1,0,3,0,1)=1.0
589:(0,2,1,0,3,1,1)=1.0
590:(0,2,1,0,3,2,1)=0.75
591:(0,2,1,0,3,3,1)=1.0
592:(0,2,1,1,0,0,1)=0.3333333333330001
596:(0,2,1,1,1,0,1)=0.5
597:(0,2,1,1,1,1,1)=0.6000000000000001
599:(0,2,1,1,1,3,1)=0.5
600:(0,2,1,1,2,0,1)=1.0
601:(0,2,1,1,2,1,1)=0.6000000000000001
602:(0,2,1,1,2,2,1)=0.6000000000000001
603:(0,2,1,1,2,3,1)=0.5
604:(0,2,1,1,3,0,1)=1.0
605:(0,2,1,1,3,1,1)=1.0
606:(0,2,1,1,3,2,1)=0.75
607:(0,2,1,1,3,3,1)=1.0
608:(0,2,1,2,0,0,1)=0.3333333333330001
612:(0,2,1,2,1,0,1)=0.5
613:(0,2,1,2,1,1,1)=0.6000000000000001
615:(0,2,1,2,1,3,1)=0.5
616:(0,2,1,2,2,0,1)=1.0
617:(0,2,1,2,2,1,1)=0.6000000000000001
618:(0,2,1,2,2,2,1)=0.6000000000000001
619:(0,2,1,2,2,3,1)=0.5
620:(0,2,1,2,3,0,1)=1.0
621:(0,2,1,2,3,1,1)=1.0
622:(0,2,1,2,3,2,1)=0.75
623:(0,2,1,2,3,3,1)=1.0
624:(0,2,1,3,0,0,1)=0.33333333333360005
628:(0,2,1,3,1,0,1)=0.5
629:(0,2,1,3,1,1,1)=0.6000000000000001
631:(0,2,1,3,1,3,1)=0.5
632:(0,2,1,3,2,0,1)=1.0
633:(0,2,1,3,2,1,1)=0.6000000000000001
634:(0,2,1,3,2,2,1)=0.6000000000000001
635:(0,2,1,3,2,3,1)=0.5
636:(0,2,1,3,3,0,1)=1.0
637:(0,2,1,3,3,1,1)=1.0
638:(0,2,1,3,3,2,1)=0.75
639:(0,2,1,3,3,3,1)=1.0
640:(0,2,2,0,0,0,1)=0.33333333333360005
644:(0,2,2,0,1,0,1)=0.5
645:(0,2,2,0,1,1,1)=0.6000000000000001
647:(0,2,2,0,1,3,1)=0.5
648:(0,2,2,0,2,0,1)=1.0
649:(0,2,2,0,2,1,1)=0.6000000000000001
650:(0,2,2,0,2,2,1)=0.6000000000000001
651:(0,2,2,0,2,3,1)=0.5
652:(0,2,2,0,3,0,1)=1.0
653:(0,2,2,0,3,1,1)=1.0
654:(0,2,2,0,3,2,1)=0.75
655:(0,2,2,0,3,3,1)=1.0
656:(0,2,2,1,0,0,1)=0.3333333333330001
660:(0,2,2,1,1,0,1)=0.5
661:(0,2,2,1,1,1,1)=0.6000000000000001
663:(0,2,2,1,1,3,1)=0.5
664:(0,2,2,1,2,0,1)=1.0
665:(0,2,2,1,2,1,1)=0.6000000000000001
666:(0,2,2,1,2,2,1)=0.6000000000000001
667:(0,2,2,1,2,3,1)=0.5
668:(0,2,2,1,3,0,1)=1.0
669:(0,2,2,1,3,1,1)=1.0
670:(0,2,2,1,3,2,1)=0.75
671:(0,2,2,1,3,3,1)=1.0
672:(0,2,2,2,0,0,1)=0.3333333333330001
676:(0,2,2,2,1,0,1)=0.5
677:(0,2,2,2,1,1,1)=0.6000000000000001
679:(0,2,2,2,1,3,1)=0.5
680:(0,2,2,2,2,0,1)=1.0
681:(0,2,2,2,2,1,1)=0.6000000000000001
682:(0,2,2,2,2,2,1)=0.6000000000000001
683:(0,2,2,2,2,3,1)=0.5
684:(0,2,2,2,3,0,1)=1.0
685:(0,2,2,2,3,1,1)=1.0
686:(0,2,2,2,3,2,1)=0.75
687:(0,2,2,2,3,3,1)=1.0
688:(0,2,2,3,0,0,1)=0.33333333333360005
692:(0,2,2,3,1,0,1)=0.5
693:(0,2,2,3,1,1,1)=0.6000000000000001
695:(0,2,2,3,1,3,1)=0.5
696:(0,2,2,3,2,0,1)=1.0
697:(0,2,2,3,2,1,1)=0.6000000000000001
698:(0,2,2,3,2,2,1)=0.6000000000000001
699:(0,2,2,3,2,3,1)=0.5
700:(0,2,2,3,3,0,1)=1.0
701:(0,2,2,3,3,1,1)=1.0
702:(0,2,2,3,3,2,1)=0.75
703:(0,2,2,3,3,3,1)=1.0
704:(0,2,3,0,0,0,1)=0.33333333333399995
708:(0,2,3,0,1,0,1)=0.5000000000002001
709:(0,2,3,0,1,1,1)=0.5999999999998
711:(0,2,3,0,1,3,1)=0.5000000000002001
712:(0,2,3,0,2,0,1)=1.0
713:(0,2,3,0,2,1,1)=0.5999999999998
714:(0,2,3,0,2,2,1)=0.5999999999998
715:(0,2,3,0,2,3,1)=0.5000000000002001
716:(0,2,3,0,3,0,1)=1.0
717:(0,2,3,0,3,1,1)=1.0
718:(0,2,3,0,3,2,1)=0.7500000000001
719:(0,2,3,0,3,3,1)=1.0
720:(0,2,3,1,0,0,1)=0.33333333333360005
724:(0,2,3,1,1,0,1)=0.5
725:(0,2,3,1,1,1,1)=0.6000000000000001
727:(0,2,3,1,1,3,1)=0.5
728:(0,2,3,1,2,0,1)=1.0
729:(0,2,3,1,2,1,1)=0.6000000000000001
730:(0,2,3,1,2,2,1)=0.6000000000000001
731:(0,2,3,1,2,3,1)=0.5
732:(0,2,3,1,3,0,1)=1.0
733:(0,2,3,1,3,1,1)=1.0
734:(0,2,3,1,3,2,1)=0.75
735:(0,2,3,1,3,3,1)=1.0
736:(0,2,3,2,0,0,1)=0.33333333333360005
740:(0,2,3,2,1,0,1)=0.5
741:(0,2,3,2,1,1,1)=0.6000000000000001
743:(0,2,3,2,1,3,1)=0.5
744:(0,2,3,2,2,0,1)=1.0
745:(0,2,3,2,2,1,1)=0.6000000000000001
746:(0,2,3,2,2,2,1)=0.6000000000000001
747:(0,2,3,2,2,3,1)=0.5
748:(0,2,3,2,3,0,1)=1.0
749:(0,2,3,2,3,1,1)=1.0
750:(0,2,3,2,3,2,1)=0.75
751:(0,2,3,2,3,3,1)=1.0
752:(0,2,3,3,0,0,1)=0.33333333333399995
756:(0,2,3,3,1,0,1)=0.5000000000002001
757:(0,2,3,3,1,1,1)=0.5999999999998
759:(0,2,3,3,1,3,1)=0.5000000000002001
760:(0,2,3,3,2,0,1)=1.0
761:(0,2,3,3,2,1,1)=0.5999999999998
762:(0,2,3,3,2,2,1)=0.5999999999998
763:(0,2,3,3,2,3,1)=0.5000000000002001
764:(0,2,3,3,3,0,1)=1.0
765:(0,2,3,3,3,1,1)=1.0
766:(0,2,3,3,3,2,1)=0.7500000000001
767:(0,2,3,3,3,3,1)=1.0
768:(0,3,0,0,0,0,1)=0.666666666667
769:(0,3,0,0,0,1,1)=0.5000000000002001
772:(0,3,0,0,1,0,1)=1.0
773:(0,3,0,0,1,1,1)=0.5999999999998
774:(0,3,0,0,1,2,1)=0.5999999999998
776:(0,3,0,0,2,0,1)=1.0
777:(0,3,0,0,2,1,1)=1.0
778:(0,3,0,0,2,2,1)=0.5999999999998
779:(0,3,0,0,2,3,1)=0.5000000000002001
780:(0,3,0,0,3,0,1)=1.0
781:(0,3,0,0,3,1,1)=1.0
782:(0,3,0,0,3,2,1)=1.0
783:(0,3,0,0,3,3,1)=0.666666666667
784:(0,3,0,1,0,0,1)=0.6666666666668
785:(0,3,0,1,0,1,1)=0.5
788:(0,3,0,1,1,0,1)=1.0
789:(0,3,0,1,1,1,1)=0.6000000000000001
790:(0,3,0,1,1,2,1)=0.6000000000000001
792:(0,3,0,1,2,0,1)=1.0
793:(0,3,0,1,2,1,1)=1.0
794:(0,3,0,1,2,2,1)=0.6000000000000001
795:(0,3,0,1,2,3,1)=0.5
796:(0,3,0,1,3,0,1)=1.0
797:(0,3,0,1,3,1,1)=1.0
798:(0,3,0,1,3,2,1)=1.0
799:(0,3,0,1,3,3,1)=0.6666666666668
800:(0,3,0,2,0,0,1)=0.6666666666668
801:(0,3,0,2,0,1,1)=0.5
804:(0,3,0,2,1,0,1)=1.0
805:(0,3,0,2,1,1,1)=0.6000000000000001
806:(0,3,0,2,1,2,1)=0.6000000000000001
808:(0,3,0,2,2,0,1)=1.0
809:(0,3,0,2,2,1,1)=1.0
810:(0,3,0,2,2,2,1)=0.6000000000000001
811:(0,3,0,2,2,3,1)=0.5
812:(0,3,0,2,3,0,1)=1.0
813:(0,3,0,2,3,1,1)=1.0
814:(0,3,0,2,3,2,1)=1.0
815:(0,3,0,2,3,3,1)=0.6666666666668
816:(0,3,0,3,0,0,1)=0.666666666667
817:(0,3,0,3,0,1,1)=0.5000000000002001
820:(0,3,0,3,1,0,1)=1.0
821:(0,3,0,3,1,1,1)=0.5999999999998
822:(0,3,0,3,1,2,1)=0.5999999999998
824:(0,3,0,3,2,0,1)=1.0
825:(0,3,0,3,2,1,1)=1.0
826:(0,3,0,3,2,2,1)=0.5999999999998
827:(0,3,0,3,2,3,1)=0.5000000000002001
828:(0,3,0,3,3,0,1)=1.0
829:(0,3,0,3,3,1,1)=1.0
830:(0,3,0,3,3,2,1)=1.0
831:(0,3,0,3,3,3,1)=0.666666666667
832:(0,3,1,0,0,0,1)=0.6666666666668
833:(0,3,1,0,0,1,1)=0.5
836:(0,3,1,0,1,0,1)=1.0
837:(0,3,1,0,1,1,1)=0.6000000000000001
838:(0,3,1,0,1,2,1)=0.6000000000000001
840:(0,3,1,0,2,0,1)=1.0
841:(0,3,1,0,2,1,1)=1.0
842:(0,3,1,0,2,2,1)=0.6000000000000001
843:(0,3,1,0,2,3,1)=0.5
844:(0,3,1,0,3,0,1)=1.0
845:(0,3,1,0,3,1,1)=1.0
846:(0,3,1,0,3,2,1)=1.0
847:(0,3,1,0,3,3,1)=0.6666666666668
848:(0,3,1,1,0,0,1)=0.6666666666665
849:(0,3,1,1,0,1,1)=0.5
852:(0,3,1,1,1,0,1)=1.0
853:(0,3,1,1,1,1,1)=0.6000000000000001
854:(0,3,1,1,1,2,1)=0.6000000000000001
856:(0,3,1,1,2,0,1)=1.0
857:(0,3,1,1,2,1,1)=1.0
858:(0,3,1,1,2,2,1)=0.6000000000000001
859:(0,3,1,1,2,3,1)=0.5
860:(0,3,1,1,3,0,1)=1.0
861:(0,3,1,1,3,1,1)=1.0
862:(0,3,1,1,3,2,1)=1.0
863:(0,3,1,1,3,3,1)=0.6666666666665
864:(0,3,1,2,0,0,1)=0.6666666666665
865:(0,3,1,2,0,1,1)=0.5
868:(0,3,1,2,1,0,1)=1.0
869:(0,3,1,2,1,1,1)=0.6000000000000001
870:(0,3,1,2,1,2,1)=0.6000000000000001
872:(0,3,1,2,2,0,1)=1.0
873:(0,3,1,2,2,1,1)=1.0
874:(0,3,1,2,2,2,1)=0.6000000000000001
875:(0,3,1,2,2,3,1)=0.5
876:(0,3,1,2,3,0,1)=1.0
877:(0,3,1,2,3,1,1)=1.0
878:(0,3,1,2,3,2,1)=1.0
879:(0,3,1,2,3,3,1)=0.6666666666665
880:(0,3,1,3,0,0,1)=0.6666666666668
881:(0,3,1,3,0,1,1)=0.5
884:(0,3,1,3,1,0,1)=1.0
885:(0,3,1,3,1,1,1)=0.6000000000000001
886:(0,3,1,3,1,2,1)=0.6000000000000001
888:(0,3,1,3,2,0,1)=1.0
889:(0,3,1,3,2,1,1)=1.0
890:(0,3,1,3,2,2,1)=0.6000000000000001
891:(0,3,1,3,2,3,1)=0.5
892:(0,3,1,3,3,0,1)=1.0
893:(0,3,1,3,3,1,1)=1.0
894:(0,3,1,3,3,2,1)=1.0
895:(0,3,1,3,3,3,1)=0.6666666666668
896:(0,3,2,0,0,0,1)=0.6666666666668
897:(0,3,2,0,0,1,1)=0.5
900:(0,3,2,0,1,0,1)=1.0
901:(0,3,2,0,1,1,1)=0.6000000000000001
902:(0,3,2,0,1,2,1)=0.6000000000000001
904:(0,3,2,0,2,0,1)=1.0
905:(0,3,2,0,2,1,1)=1.0
906:(0,3,2,0,2,2,1)=0.6000000000000001
907:(0,3,2,0,2,3,1)=0.5
908:(0,3,2,0,3,0,1)=1.0
909:(0,3,2,0,3,1,1)=1.0
910:(0,3,2,0,3,2,1)=1.0
911:(0,3,2,0,3,3,1)=0.6666666666668
912:(0,3,2,1,0,0,1)=0.6666666666665
913:(0,3,2,1,0,1,1)=0.5
916:(0,3,2,1,1,0,1)=1.0
917:(0,3,2,1,1,1,1)=0.6000000000000001
918:(0,3,2,1,1,2,1)=0.6000000000000001
920:(0,3,2,1,2,0,1)=1.0
921:(0,3,2,1,2,1,1)=1.0
922:(0,3,2,1,2,2,1)=0.6000000000000001
923:(0,3,2,1,2,3,1)=0.5
924:(0,3,2,1,3,0,1)=1.0
925:(0,3,2,1,3,1,1)=1.0
926:(0,3,2,1,3,2,1)=1.0
927:(0,3,2,1,3,3,1)=0.6666666666665
928:(0,3,2,2,0,0,1)=0.6666666666665
929:(0,3,2,2,0,1,1)=0.5
932:(0,3,2,2,1,0,1)=1.0
933:(0,3,2,2,1,1,1)=0.6000000000000001
934:(0,3,2,2,1,2,1)=0.6000000000000001
936:(0,3,2,2,2,0,1)=1.0
937:(0,3,2,2,2,1,1)=1.0
938:(0,3,2,2,2,2,1)=0.6000000000000001
939:(0,3,2,2,2,3,1)=0.5
940:(0,3,2,2,3,0,1)=1.0
941:(0,3,2,2,3,1,1)=1.0
942:(0,3,2,2,3,2,1)=1.0
943:(0,3,2,2,3,3,1)=0.6666666666665
944:(0,3,2,3,0,0,1)=0.6666666666668
945:(0,3,2,3,0,1,1)=0.5
948:(0,3,2,3,1,0,1)=1.0
949:(0,3,2,3,1,1,1)=0.6000000000000001
950:(0,3,2,3,1,2,1)=0.6000000000000001
952:(0,3,2,3,2,0,1)=1.0
953:(0,3,2,3,2,1,1)=1.0
954:(0,3,2,3,2,2,1)=0.6000000000000001
955:(0,3,2,3,2,3,1)=0.5
956:(0,3,2,3,3,0,1)=1.0
957:(0,3,2,3,3,1,1)=1.0
958:(0,3,2,3,3,2,1)=1.0
959:(0,3,2,3,3,3,1)=0.6666666666668
960:(0,3,3,0,0,0,1)=0.666666666667
961:(0,3,3,0,0,1,1)=0.5000000000002001
964:(0,3,3,0,1,0,1)=1.0
965:(0,3,3,0,1,1,1)=0.5999999999998
966:(0,3,3,0,1,2,1)=0.5999999999998
968:(0,3,3,0,2,0,1)=1.0
969:(0,3,3,0,2,1,1)=1.0
970:(0,3,3,0,2,2,1)=0.5999999999998
971:(0,3,3,0,2,3,1)=0.5000000000002001
972:(0,3,3,0,3,0,1)=1.0
973:(0,3,3,0,3,1,1)=1.0
974:(0,3,3,0,3,2,1)=1.0
975:(0,3,3,0,3,3,1)=0.666666666667
976:(0,3,3,1,0,0,1)=0.6666666666668
977:(0,3,3,1,0,1,1)=0.5
980:(0,3,3,1,1,0,1)=1.0
981:(0,3,3,1,1,1,1)=0.6000000000000001
982:(0,3,3,1,1,2,1)=0.6000000000000001
984:(0,3,3,1,2,0,1)=1.0
985:(0,3,3,1,2,1,1)=1.0
986:(0,3,3,1,2,2,1)=0.6000000000000001
987:(0,3,3,1,2,3,1)=0.5
988:(0,3,3,1,3,0,1)=1.0
989:(0,3,3,1,3,1,1)=1.0
990:(0,3,3,1,3,2,1)=1.0
991:(0,3,3,1,3,3,1)=0.6666666666668
992:(0,3,3,2,0,0,1)=0.6666666666668
993:(0,3,3,2,0,1,1)=0.5
996:(0,3,3,2,1,0,1)=1.0
997:(0,3,3,2,1,1,1)=0.6000000000000001
998:(0,3,3,2,1,2,1)=0.6000000000000001
1000:(0,3,3,2,2,0,1)=1.0
1001:(0,3,3,2,2,1,1)=1.0
1002:(0,3,3,2,2,2,1)=0.6000000000000001
1003:(0,3,3,2,2,3,1)=0.5
1004:(0,3,3,2,3,0,1)=1.0
1005:(0,3,3,2,3,1,1)=1.0
1006:(0,3,3,2,3,2,1)=1.0
1007:(0,3,3,2,3,3,1)=0.6666666666668
1008:(0,3,3,3,0,0,1)=0.666666666667
1009:(0,3,3,3,0,1,1)=0.5000000000002001
1012:(0,3,3,3,1,0,1)=1.0
1013:(0,3,3,3,1,1,1)=0.5999999999998
1014:(0,3,3,3,1,2,1)=0.5999999999998
1016:(0,3,3,3,2,0,1)=1.0
1017:(0,3,3,3,2,1,1)=1.0
1018:(0,3,3,3,2,2,1)=0.5999999999998
1019:(0,3,3,3,2,3,1)=0.5000000000002001
1020:(0,3,3,3,3,0,1)=1.0
1021:(0,3,3,3,3,1,1)=1.0
1022:(0,3,3,3,3,2,1)=1.0
1023:(0,3,3,3,3,3,1)=0.666666666667
1025:(1,0,0,0,0,1,1)=0.5000000000002001
1026:(1,0,0,0,0,2,1)=0.5000000000002001
1027:(1,0,0,0,0,3,1)=1.0
1030:(1,0,0,0,1,2,1)=0.5999999999998
1031:(1,0,0,0,1,3,1)=0.7500000000001
1033:(1,0,0,0,2,1,1)=0.5999999999998
1034:(1,0,0,0,2,2,1)=0.5999999999998
1035:(1,0,0,0,2,3,1)=1.0
1036:(1,0,0,0,3,0,1)=0.33333333333399995
1037:(1,0,0,0,3,1,1)=0.5000000000002001
1038:(1,0,0,0,3,2,1)=1.0
1039:(1,0,0,0,3,3,1)=1.0
1041:(1,0,0,1,0,1,1)=0.5
1042:(1,0,0,1,0,2,1)=0.5
1043:(1,0,0,1,0,3,1)=1.0
1046:(1,0,0,1,1,2,1)=0.6000000000000001
1047:(1,0,0,1,1,3,1)=0.75
1049:(1,0,0,1,2,1,1)=0.6000000000000001
1050:(1,0,0,1,2,2,1)=0.6000000000000001
1051:(1,0,0,1,2,3,1)=1.0
1052:(1,0,0,1,3,0,1)=0.33333333333360005
1053:(1,0,0,1,3,1,1)=0.5
1054:(1,0,0,1,3,2,1)=1.0
1055:(1,0,0,1,3,3,1)=1.0
1057:(1,0,0,2,0,1,1)=0.5
1058:(1,0,0,2,0,2,1)=0.5
1059:(1,0,0,2,0,3,1)=1.0
1062:(1,0,0,2,1,2,1)=0.6000000000000001
1063:(1,0,0,2,1,3,1)=0.75
1065:(1,0,0,2,2,1,1)=0.6000000000000001
1066:(1,0,0,2,2,2,1)=0.6000000000000001
1067:(1,0,0,2,2,3,1)=1.0
1068:(1,0,0,2,3,0,1)=0.33333333333360005
1069:(1,0,0,2,3,1,1)=0.5
1070:(1,0,0,2,3,2,1)=1.0
1071:(1,0,0,2,3,3,1)=1.0
1073:(1,0,0,3,0,1,1)=0.5000000000002001
1074:(1,0,0,3,0,2,1)=0.5000000000002001
1075:(1,0,0,3,0,3,1)=1.0
1078:(1,0,0,3,1,2,1)=0.5999999999998
1079:(1,0,0,3,1,3,1)=0.7500000000001
1081:(1,0,0,3,2,1,1)=0.5999999999998
1082:(1,0,0,3,2,2,1)=0.5999999999998
1083:(1,0,0,3,2,3,1)=1.0
1084:(1,0,0,3,3,0,1)=0.33333333333399995
1085:(1,0,0,3,3,1,1)=0.5000000000002001
1086:(1,0,0,3,3,2,1)=1.0
1087:(1,0,0,3,3,3,1)=1.0
1089:(1,0,1,0,0,1,1)=0.5
1090:(1,0,1,0,0,2,1)=0.5
1091:(1,0,1,0,0,3,1)=1.0
1094:(1,0,1,0,1,2,1)=0.6000000000000001
1095:(1,0,1,0,1,3,1)=0.75
1097:(1,0,1,0,2,1,1)=0.6000000000000001
1098:(1,0,1,0,2,2,1)=0.6000000000000001
1099:(1,0,1,0,2,3,1)=1.0
1100:(1,0,1,0,3,0,1)=0.33333333333360005
1101:(1,0,1,0,3,1,1)=0.5
1102:(1,0,1,0,3,2,1)=1.0
1103:(1,0,1,0,3,3,1)=1.0
1105:(1,0,1,1,0,1,1)=0.5
1106:(1,0,1,1,0,2,1)=0.5
1107:(1,0,1,1,0,3,1)=1.0
1110:(1,0,1,1,1,2,1)=0.6000000000000001
1111:(1,0,1,1,1,3,1)=0.75
1113:(1,0,1,1,2,1,1)=0.6000000000000001
1114:(1,0,1,1,2,2,1)=0.6000000000000001
1115:(1,0,1,1,2,3,1)=1.0
1116:(1,0,1,1,3,0,1)=0.3333333333330001
1117:(1,0,1,1,3,1,1)=0.5
1118:(1,0,1,1,3,2,1)=1.0
1119:(1,0,1,1,3,3,1)=1.0
1121:(1,0,1,2,0,1,1)=0.5
1122:(1,0,1,2,0,2,1)=0.5
1123:(1,0,1,2,0,3,1)=1.0
1126:(1,0,1,2,1,2,1)=0.6000000000000001
1127:(1,0,1,2,1,3,1)=0.75
1129:(1,0,1,2,2,1,1)=0.6000000000000001
1130:(1,0,1,2,2,2,1)=0.6000000000000001
1131:(1,0,1,2,2,3,1)=1.0
1132:(1,0,1,2,3,0,1)=0.3333333333330001
1133:(1,0,1,2,3,1,1)=0.5
1134:(1,0,1,2,3,2,1)=1.0
1135:(1,0,1,2,3,3,1)=1.0
1137:(1,0,1,3,0,1,1)=0.5
1138:(1,0,1,3,0,2,1)=0.5
1139:(1,0,1,3,0,3,1)=1.0
1142:(1,0,1,3,1,2,1)=0.6000000000000001
1143:(1,0,1,3,1,3,1)=0.75
1145:(1,0,1,3,2,1,1)=0.6000000000000001
1146:(1,0,1,3,2,2,1)=0.6000000000000001
1147:(1,0,1,3,2,3,1)=1.0
1148:(1,0,1,3,3,0,1)=0.33333333333360005
1149:(1,0,1,3,3,1,1)=0.5
1150:(1,0,1,3,3,2,1)=1.0
1151:(1,0,1,3,3,3,1)=1.0
1153:(1,0,2,0,0,1,1)=0.5
1154:(1,0,2,0,0,2,1)=0.5
1155:(1,0,2,0,0,3,1)=1.0
1158:(1,0,2,0,1,2,1)=0.6000000000000001
1159:(1,0,2,0,1,3,1)=0.75
1161:(1,0,2,0,2,1,1)=0.6000000000000001
1162:(1,0,2,0,2,2,1)=0.6000000000000001
1163:(1,0,2,0,2,3,1)=1.0
1164:(1,0,2,0,3,0,1)=0.33333333333360005
1165:(1,0,2,0,3,1,1)=0.5
1166:(1,0,2,0,3,2,1)=1.0
1167:(1,0,2,0,3,3,1)=1.0
1169:(1,0,2,1,0,1,1)=0.5
1170:(1,0,2,1,0,2,1)=0.5
1171:(1,0,2,1,0,3,1)=1.0
1174:(1,0,2,1,1,2,1)=0.6000000000000001
1175:(1,0,2,1,1,3,1)=0.75
1177:(1,0,2,1,2,1,1)=0.6000000000000001
1178:(1,0,2,1,2,2,1)=0.6000000000000001
1179:(1,0,2,1,2,3,1)=1.0
1180:(1,0,2,1,3,0,1)=0.3333333333330001
1181:(1,0,2,1,3,1,1)=0.5
1182:(1,0,2,1,3,2,1)=1.0
1183:(1,0,2,1,3,3,1)=1.0
1185:(1,0,2,2,0,1,1)=0.5
1186:(1,0,2,2,0,2,1)=0.5
1187:(1,0,2,2,0,3,1)=1.0
1190:(1,0,2,2,1,2,1)=0.6000000000000001
1191:(1,0,2,2,1,3,1)=0.75
1193:(1,0,2,2,2,1,1)=0.6000000000000001
1194:(1,0,2,2,2,2,1)=0.6000000000000001
1195:(1,0,2,2,2,3,1)=1.0
1196:(1,0,2,2,3,0,1)=0.3333333333330001
1197:(1,0,2,2,3,1,1)=0.5
1198:(1,0,2,2,3,2,1)=1.0
1199:(1,0,2,2,3,3,1)=1.0
1201:(1,0,2,3,0,1,1)=0.5
1202:(1,0,2,3,0,2,1)=0.5
1203:(1,0,2,3,0,3,1)=1.0
1206:(1,0,2,3,1,2,1)=0.6000000000000001
1207:(1,0,2,3,1,3,1)=0.75
1209:(1,0,2,3,2,1,1)=0.6000000000000001
1210:(1,0,2,3,2,2,1)=0.6000000000000001
1211:(1,0,2,3,2,3,1)=1.0
1212:(1,0,2,3,3,0,1)=0.33333333333360005
1213:(1,0,2,3,3,1,1)=0.5
1214:(1,0,2,3,3,2,1)=1.0
1215:(1,0,2,3,3,3,1)=1.0
1217:(1,0,3,0,0,1,1)=0.5000000000002001
1218:(1,0,3,0,0,2,1)=0.5000000000002001
1219:(1,0,3,0,0,3,1)=1.0
1222:(1,0,3,0,1,2,1)=0.5999999999998
1223:(1,0,3,0,1,3,1)=0.7500000000001
1225:(1,0,3,0,2,1,1)=0.5999999999998
1226:(1,0,3,0,2,2,1)=0.5999999999998
1227:(1,0,3,0,2,3,1)=1.0
1228:(1,0,3,0,3,0,1)=0.33333333333399995
1229:(1,0,3,0,3,1,1)=0.5000000000002001
1230:(1,0,3,0,3,2,1)=1.0
1231:(1,0,3,0,3,3,1)=1.0
1233:(1,0,3,1,0,1,1)=0.5
1234:(1,0,3,1,0,2,1)=0.5
1235:(1,0,3,1,0,3,1)=1.0
1238:(1,0,3,1,1,2,1)=0.6000000000000001
1239:(1,0,3,1,1,3,1)=0.75
1241:(1,0,3,1,2,1,1)=0.6000000000000001
1242:(1,0,3,1,2,2,1)=0.6000000000000001
1243:(1,0,3,1,2,3,1)=1.0
1244:(1,0,3,1,3,0,1)=0.33333333333360005
1245:(1,0,3,1,3,1,1)=0.5
1246:(1,0,3,1,3,2,1)=1.0
1247:(1,0,3,1,3,3,1)=1.0
1249:(1,0,3,2,0,1,1)=0.5
1250:(1,0,3,2,0,2,1)=0.5
1251:(1,0,3,2,0,3,1)=1.0
1254:(1,0,3,2,1,2,1)=0.6000000000000001
1255:(1,0,3,2,1,3,1)=0.75
1257:(1,0,3,2,2,1,1)=0.6000000000000001
1258:(1,0,3,2,2,2,1)=0.6000000000000001
1259:(1,0,3,2,2,3,1)=1.0
1260:(1,0,3,2,3,0,1)=0.33333333333360005
1261:(1,0,3,2,3,1,1)=0.5
1262:(1,0,3,2,3,2,1)=1.0
1263:(1,0,3,2,3,3,1)=1.0
1265:(1,0,3,3,0,1,1)=0.5000000000002001
1266:(1,0,3,3,0,2,1)=0.5000000000002001
1267:(1,0,3,3,0,3,1)=1.0
1270:(1,0,3,3,1,2,1)=0.5999999999998
1271:(1,0,3,3,1,3,1)=0.7500000000001
1273:(1,0,3,3,2,1,1)=0.5999999999998
1274:(1,0,3,3,2,2,1)=0.5999999999998
1275:(1,0,3,3,2,3,1)=1.0
1276:(1,0,3,3,3,0,1)=0.33333333333399995
1277:(1,0,3,3,3,1,1)=0.5000000000002001
1278:(1,0,3,3,3,2,1)=1.0
1279:(1,0,3,3,3,3,1)=1.0
1280:(1,1,0,0,0,0,1)=0.33333333333399995
1282:(1,1,0,0,0,2,1)=0.5000000000002001
1283:(1,1,0,0,0,3,1)=0.33333333333399995
1287:(1,1,0,0,1,3,1)=0.5000000000002001
1288:(1,1,0,0,2,0,1)=0.5000000000002001
1290:(1,1,0,0,2,2,1)=0.5999999999998
1291:(1,1,0,0,2,3,1)=0.5000000000002001
1292:(1,1,0,0,3,0,1)=0.33333333333399995
1293:(1,1,0,0,3,1,1)=0.5000000000002001
1294:(1,1,0,0,3,2,1)=0.5000000000002001
1295:(1,1,0,0,3,3,1)=1.0
1296:(1,1,0,1,0,0,1)=0.33333333333360005
1298:(1,1,0,1,0,2,1)=0.5
1299:(1,1,0,1,0,3,1)=0.33333333333360005
1303:(1,1,0,1,1,3,1)=0.5
1304:(1,1,0,1,2,0,1)=0.5
1306:(1,1,0,1,2,2,1)=0.6000000000000001
1307:(1,1,0,1,2,3,1)=0.5
1308:(1,1,0,1,3,0,1)=0.33333333333360005
1309:(1,1,0,1,3,1,1)=0.5
1310:(1,1,0,1,3,2,1)=0.5
1311:(1,1,0,1,3,3,1)=1.0
1312:(1,1,0,2,0,0,1)=0.33333333333360005
1314:(1,1,0,2,0,2,1)=0.5
1315:(1,1,0,2,0,3,1)=0.33333333333360005
1319:(1,1,0,2,1,3,1)=0.5
1320:(1,1,0,2,2,0,1)=0.5
1322:(1,1,0,2,2,2,1)=0.6000000000000001
1323:(1,1,0,2,2,3,1)=0.5
1324:(1,1,0,2,3,0,1)=0.33333333333360005
1325:(1,1,0,2,3,1,1)=0.5
1326:(1,1,0,2,3,2,1)=0.5
1327:(1,1,0,2,3,3,1)=1.0
1328:(1,1,0,3,0,0,1)=0.33333333333399995
1330:(1,1,0,3,0,2,1)=0.5000000000002001
1331:(1,1,0,3,0,3,1)=0.33333333333399995
1335:(1,1,0,3,1,3,1)=0.5000000000002001
1336:(1,1,0,3,2,0,1)=0.5000000000002001
1338:(1,1,0,3,2,2,1)=0.5999999999998
1339:(1,1,0,3,2,3,1)=0.5000000000002001
1340:(1,1,0,3,3,0,1)=0.33333333333399995
1341:(1,1,0,3,3,1,1)=0.5000000000002001
1342:(1,1,0,3,3,2,1)=0.5000000000002001
1343:(1,1,0,3,3,3,1)=1.0
1344:(1,1,1,0,0,0,1)=0.33333333333360005
1346:(1,1,1,0,0,2,1)=0.5
1347:(1,1,1,0,0,3,1)=0.33333333333360005
1351:(1,1,1,0,1,3,1)=0.5
1352:(1,1,1,0,2,0,1)=0.5
1354:(1,1,1,0,2,2,1)=0.6000000000000001
1355:(1,1,1,0,2,3,1)=0.5
1356:(1,1,1,0,3,0,1)=0.33333333333360005
1357:(1,1,1,0,3,1,1)=0.5
1358:(1,1,1,0,3,2,1)=0.5
1359:(1,1,1,0,3,3,1)=1.0
1360:(1,1,1,1,0,0,1)=0.3333333333330001
1362:(1,1,1,1,0,2,1)=0.5
1363:(1,1,1,1,0,3,1)=0.3333333333330001
1367:(1,1,1,1,1,3,1)=0.5
1368:(1,1,1,1,2,0,1)=0.5
1370:(1,1,1,1,2,2,1)=0.6000000000000001
1371:(1,1,1,1,2,3,1)=0.5
1372:(1,1,1,1,3,0,1)=0.3333333333330001
1373:(1,1,1,1,3,1,1)=0.5
1374:(1,1,1,1,3,2,1)=0.5
1375:(1,1,1,1,3,3,1)=1.0
1376:(1,1,1,2,0,0,1)=0.3333333333330001
1378:(1,1,1,2,0,2,1)=0.5
1379:(1,1,1,2,0,3,1)=0.3333333333330001
1383:(1,1,1,2,1,3,1)=0.5
1384:(1,1,1,2,2,0,1)=0.5
1386:(1,1,1,2,2,2,1)=0.6000000000000001
1387:(1,1,1,2,2,3,1)=0.5
1388:(1,1,1,2,3,0,1)=0.3333333333330001
1389:(1,1,1,2,3,1,1)=0.5
1390:(1,1,1,2,3,2,1)=0.5
1391:(1,1,1,2,3,3,1)=1.0
1392:(1,1,1,3,0,0,1)=0.33333333333360005
1394:(1,1,1,3,0,2,1)=0.5
1395:(1,1,1,3,0,3,1)=0.33333333333360005
1399:(1,1,1,3,1,3,1)=0.5
1400:(1,1,1,3,2,0,1)=0.5
1402:(1,1,1,3,2,2,1)=0.6000000000000001
1403:(1,1,1,3,2,3,1)=0.5
1404:(1,1,1,3,3,0,1)=0.33333333333360005
1405:(1,1,1,3,3,1,1)=0.5
1406:(1,1,1,3,3,2,1)=0.5
1407:(1,1,1,3,3,3,1)=1.0
1408:(1,1,2,0,0,0,1)=0.33333333333360005
1410:(1,1,2,0,0,2,1)=0.5
1411:(1,1,2,0,0,3,1)=0.33333333333360005
1415:(1,1,2,0,1,3,1)=0.5
1416:(1,1,2,0,2,0,1)=0.5
1418:(1,1,2,0,2,2,1)=0.6000000000000001
1419:(1,1,2,0,2,3,1)=0.5
1420:(1,1,2,0,3,0,1)=0.33333333333360005
1421:(1,1,2,0,3,1,1)=0.5
1422:(1,1,2,0,3,2,1)=0.5
1423:(1,1,2,0,3,3,1)=1.0
1424:(1,1,2,1,0,0,1)=0.3333333333330001
1426:(1,1,2,1,0,2,1)=0.5
1427:(1,1,2,1,0,3,1)=0.3333333333330001
1431:(1,1,2,1,1,3,1)=0.5
1432:(1,1,2,1,2,0,1)=0.5
1434:(1,1,2,1,2,2,1)=0.6000000000000001
1435:(1,1,2,1,2,3,1)=0.5
1436:(1,1,2,1,3,0,1)=0.3333333333330001
1437:(1,1,2,1,3,1,1)=0.5
1438:(1,1,2,1,3,2,1)=0.5
1439:(1,1,2,1,3,3,1)=1.0
1440:(1,1,2,2,0,0,1)=0.3333333333330001
1442:(1,1,2,2,0,2,1)=0.5
1443:(1,1,2,2,0,3,1)=0.3333333333330001
1447:(1,1,2,2,1,3,1)=0.5
1448:(1,1,2,2,2,0,1)=0.5
1450:(1,1,2,2,2,2,1)=0.6000000000000001
1451:(1,1,2,2,2,3,1)=0.5
1452:(1,1,2,2,3,0,1)=0.3333333333330001
1453:(1,1,2,2,3,1,1)=0.5
1454:(1,1,2,2,3,2,1)=0.5
1455:(1,1,2,2,3,3,1)=1.0
1456:(1,1,2,3,0,0,1)=0.33333333333360005
1458:(1,1,2,3,0,2,1)=0.5
1459:(1,1,2,3,0,3,1)=0.33333333333360005
1463:(1,1,2,3,1,3,1)=0.5
1464:(1,1,2,3,2,0,1)=0.5
1466:(1,1,2,3,2,2,1)=0.6000000000000001
1467:(1,1,2,3,2,3,1)=0.5
1468:(1,1,2,3,3,0,1)=0.33333333333360005
1469:(1,1,2,3,3,1,1)=0.5
1470:(1,1,2,3,3,2,1)=0.5
1471:(1,1,2,3,3,3,1)=1.0
1472:(1,1,3,0,0,0,1)=0.33333333333399995
1474:(1,1,3,0,0,2,1)=0.5000000000002001
1475:(1,1,3,0,0,3,1)=0.33333333333399995
1479:(1,1,3,0,1,3,1)=0.5000000000002001
1480:(1,1,3,0,2,0,1)=0.5000000000002001
1482:(1,1,3,0,2,2,1)=0.5999999999998
1483:(1,1,3,0,2,3,1)=0.5000000000002001
1484:(1,1,3,0,3,0,1)=0.33333333333399995
1485:(1,1,3,0,3,1,1)=0.5000000000002001
1486:(1,1,3,0,3,2,1)=0.5000000000002001
1487:(1,1,3,0,3,3,1)=1.0
1488:(1,1,3,1,0,0,1)=0.33333333333360005
1490:(1,1,3,1,0,2,1)=0.5
1491:(1,1,3,1,0,3,1)=0.33333333333360005
1495:(1,1,3,1,1,3,1)=0.5
1496:(1,1,3,1,2,0,1)=0.5
1498:(1,1,3,1,2,2,1)=0.6000000000000001
1499:(1,1,3,1,2,3,1)=0.5
1500:(1,1,3,1,3,0,1)=0.33333333333360005
1501:(1,1,3,1,3,1,1)=0.5
1502:(1,1,3,1,3,2,1)=0.5
1503:(1,1,3,1,3,3,1)=1.0
1504:(1,1,3,2,0,0,1)=0.33333333333360005
1506:(1,1,3,2,0,2,1)=0.5
1507:(1,1,3,2,0,3,1)=0.33333333333360005
1511:(1,1,3,2,1,3,1)=0.5
1512:(1,1,3,2,2,0,1)=0.5
1514:(1,1,3,2,2,2,1)=0.6000000000000001
1515:(1,1,3,2,2,3,1)=0.5
1516:(1,1,3,2,3,0,1)=0.33333333333360005
1517:(1,1,3,2,3,1,1)=0.5
1518:(1,1,3,2,3,2,1)=0.5
1519:(1,1,3,2,3,3,1)=1.0
1520:(1,1,3,3,0,0,1)=0.33333333333399995
1522:(1,1,3,3,0,2,1)=0.5000000000002001
1523:(1,1,3,3,0,3,1)=0.33333333333399995
1527:(1,1,3,3,1,3,1)=0.5000000000002001
1528:(1,1,3,3,2,0,1)=0.5000000000002001
1530:(1,1,3,3,2,2,1)=0.5999999999998
1531:(1,1,3,3,2,3,1)=0.5000000000002001
1532:(1,1,3,3,3,0,1)=0.33333333333399995
1533:(1,1,3,3,3,1,1)=0.5000000000002001
1534:(1,1,3,3,3,2,1)=0.5000000000002001
1535:(1,1,3,3,3,3,1)=1.0
1536:(1,2,0,0,0,0,1)=0.33333333333399995
1537:(1,2,0,0,0,1,1)=0.5000000000002001
1539:(1,2,0,0,0,3,1)=0.33333333333399995
1540:(1,2,0,0,1,0,1)=0.5000000000002001
1544:(1,2,0,0,2,0,1)=0.5000000000002001
1545:(1,2,0,0,2,1,1)=0.5999999999998
1547:(1,2,0,0,2,3,1)=0.5000000000002001
1548:(1,2,0,0,3,0,1)=1.0
1549:(1,2,0,0,3,1,1)=0.5000000000002001
1550:(1,2,0,0,3,2,1)=0.5000000000002001
1551:(1,2,0,0,3,3,1)=0.33333333333399995
1552:(1,2,0,1,0,0,1)=0.33333333333360005
1553:(1,2,0,1,0,1,1)=0.5
1555:(1,2,0,1,0,3,1)=0.33333333333360005
1556:(1,2,0,1,1,0,1)=0.5
1560:(1,2,0,1,2,0,1)=0.5
1561:(1,2,0,1,2,1,1)=0.6000000000000001
1563:(1,2,0,1,2,3,1)=0.5
1564:(1,2,0,1,3,0,1)=1.0
1565:(1,2,0,1,3,1,1)=0.5
1566:(1,2,0,1,3,2,1)=0.5
1567:(1,2,0,1,3,3,1)=0.33333333333360005
1568:(1,2,0,2,0,0,1)=0.33333333333360005
1569:(1,2,0,2,0,1,1)=0.5
1571:(1,2,0,2,0,3,1)=0.33333333333360005
1572:(1,2,0,2,1,0,1)=0.5
1576:(1,2,0,2,2,0,1)=0.5
1577:(1,2,0,2,2,1,1)=0.6000000000000001
1579:(1,2,0,2,2,3,1)=0.5
1580:(1,2,0,2,3,0,1)=1.0
1581:(1,2,0,2,3,1,1)=0.5
1582:(1,2,0,2,3,2,1)=0.5
1583:(1,2,0,2,3,3,1)=0.33333333333360005
1584:(1,2,0,3,0,0,1)=0.33333333333399995
1585:(1,2,0,3,0,1,1)=0.5000000000002001
1587:(1,2,0,3,0,3,1)=0.33333333333399995
1588:(1,2,0,3,1,0,1)=0.5000000000002001
1592:(1,2,0,3,2,0,1)=0.5000000000002001
1593:(1,2,0,3,2,1,1)=0.5999999999998
1595:(1,2,0,3,2,3,1)=0.5000000000002001
1596:(1,2,0,3,3,0,1)=1.0
1597:(1,2,0,3,3,1,1)=0.5000000000002001
1598:(1,2,0,3,3,2,1)=0.5000000000002001
1599:(1,2,0,3,3,3,1)=0.33333333333399995
1600:(1,2,1,0,0,0,1)=0.33333333333360005
1601:(1,2,1,0,0,1,1)=0.5
1603:(1,2,1,0,0,3,1)=0.33333333333360005
1604:(1,2,1,0,1,0,1)=0.5
1608:(1,2,1,0,2,0,1)=0.5
1609:(1,2,1,0,2,1,1)=0.6000000000000001
1611:(1,2,1,0,2,3,1)=0.5
1612:(1,2,1,0,3,0,1)=1.0
1613:(1,2,1,0,3,1,1)=0.5
1614:(1,2,1,0,3,2,1)=0.5
1615:(1,2,1,0,3,3,1)=0.33333333333360005
1616:(1,2,1,1,0,0,1)=0.3333333333330001
1617:(1,2,1,1,0,1,1)=0.5
1619:(1,2,1,1,0,3,1)=0.3333333333330001
1620:(1,2,1,1,1,0,1)=0.5
1624:(1,2,1,1,2,0,1)=0.5
1625:(1,2,1,1,2,1,1)=0.6000000000000001
1627:(1,2,1,1,2,3,1)=0.5
1628:(1,2,1,1,3,0,1)=1.0
1629:(1,2,1,1,3,1,1)=0.5
1630:(1,2,1,1,3,2,1)=0.5
1631:(1,2,1,1,3,3,1)=0.3333333333330001
1632:(1,2,1,2,0,0,1)=0.3333333333330001
1633:(1,2,1,2,0,1,1)=0.5
1635:(1,2,1,2,0,3,1)=0.3333333333330001
1636:(1,2,1,2,1,0,1)=0.5
1640:(1,2,1,2,2,0,1)=0.5
1641:(1,2,1,2,2,1,1)=0.6000000000000001
1643:(1,2,1,2,2,3,1)=0.5
1644:(1,2,1,2,3,0,1)=1.0
1645:(1,2,1,2,3,1,1)=0.5
1646:(1,2,1,2,3,2,1)=0.5
1647:(1,2,1,2,3,3,1)=0.3333333333330001
1648:(1,2,1,3,0,0,1)=0.33333333333360005
1649:(1,2,1,3,0,1,1)=0.5
1651:(1,2,1,3,0,3,1)=0.33333333333360005
1652:(1,2,1,3,1,0,1)=0.5
1656:(1,2,1,3,2,0,1)=0.5
1657:(1,2,1,3,2,1,1)=0.6000000000000001
1659:(1,2,1,3,2,3,1)=0.5
1660:(1,2,1,3,3,0,1)=1.0
1661:(1,2,1,3,3,1,1)=0.5
1662:(1,2,1,3,3,2,1)=0.5
1663:(1,2,1,3,3,3,1)=0.33333333333360005
1664:(1,2,2,0,0,0,1)=0.33333333333360005
1665:(1,2,2,0,0,1,1)=0.5
1667:(1,2,2,0,0,3,1)=0.33333333333360005
1668:(1,2,2,0,1,0,1)=0.5
1672:(1,2,2,0,2,0,1)=0.5
1673:(1,2,2,0,2,1,1)=0.6000000000000001
1675:(1,2,2,0,2,3,1)=0.5
1676:(1,2,2,0,3,0,1)=1.0
1677:(1,2,2,0,3,1,1)=0.5
1678:(1,2,2,0,3,2,1)=0.5
1679:(1,2,2,0,3,3,1)=0.33333333333360005
1680:(1,2,2,1,0,0,1)=0.3333333333330001
1681:(1,2,2,1,0,1,1)=0.5
1683:(1,2,2,1,0,3,1)=0.3333333333330001
1684:(1,2,2,1,1,0,1)=0.5
1688:(1,2,2,1,2,0,1)=0.5
1689:(1,2,2,1,2,1,1)=0.6000000000000001
1691:(1,2,2,1,2,3,1)=0.5
1692:(1,2,2,1,3,0,1)=1.0
1693:(1,2,2,1,3,1,1)=0.5
1694:(1,2,2,1,3,2,1)=0.5
1695:(1,2,2,1,3,3,1)=0.3333333333330001
1696:(1,2,2,2,0,0,1)=0.3333333333330001
1697:(1,2,2,2,0,1,1)=0.5
1699:(1,2,2,2,0,3,1)=0.3333333333330001
1700:(1,2,2,2,1,0,1)=0.5
1704:(1,2,2,2,2,0,1)=0.5
1705:(1,2,2,2,2,1,1)=0.6000000000000001
1707:(1,2,2,2,2,3,1)=0.5
1708:(1,2,2,2,3,0,1)=1.0
1709:(1,2,2,2,3,1,1)=0.5
1710:(1,2,2,2,3,2,1)=0.5
1711:(1,2,2,2,3,3,1)=0.3333333333330001
1712:(1,2,2,3,0,0,1)=0.33333333333360005
1713:(1,2,2,3,0,1,1)=0.5
1715:(1,2,2,3,0,3,1)=0.33333333333360005
1716:(1,2,2,3,1,0,1)=0.5
1720:(1,2,2,3,2,0,1)=0.5
1721:(1,2,2,3,2,1,1)=0.6000000000000001
1723:(1,2,2,3,2,3,1)=0.5
1724:(1,2,2,3,3,0,1)=1.0
1725:(1,2,2,3,3,1,1)=0.5
1726:(1,2,2,3,3,2,1)=0.5
1727:(1,2,2,3,3,3,1)=0.33333333333360005
1728:(1,2,3,0,0,0,1)=0.33333333333399995
1729:(1,2,3,0,0,1,1)=0.5000000000002001
1731:(1,2,3,0,0,3,1)=0.33333333333399995
1732:(1,2,3,0,1,0,1)=0.5000000000002001
1736:(1,2,3,0,2,0,1)=0.5000000000002001
1737:(1,2,3,0,2,1,1)=0.5999999999998
1739:(1,2,3,0,2,3,1)=0.5000000000002001
1740:(1,2,3,0,3,0,1)=1.0
1741:(1,2,3,0,3,1,1)=0.5000000000002001
1742:(1,2,3,0,3,2,1)=0.5000000000002001
1743:(1,2,3,0,3,3,1)=0.33333333333399995
1744:(1,2,3,1,0,0,1)=0.33333333333360005
1745:(1,2,3,1,0,1,1)=0.5
1747:(1,2,3,1,0,3,1)=0.33333333333360005
1748:(1,2,3,1,1,0,1)=0.5
1752:(1,2,3,1,2,0,1)=0.5
1753:(1,2,3,1,2,1,1)=0.6000000000000001
1755:(1,2,3,1,2,3,1)=0.5
1756:(1,2,3,1,3,0,1)=1.0
1757:(1,2,3,1,3,1,1)=0.5
1758:(1,2,3,1,3,2,1)=0.5
1759:(1,2,3,1,3,3,1)=0.33333333333360005
1760:(1,2,3,2,0,0,1)=0.33333333333360005
1761:(1,2,3,2,0,1,1)=0.5
1763:(1,2,3,2,0,3,1)=0.33333333333360005
1764:(1,2,3,2,1,0,1)=0.5
1768:(1,2,3,2,2,0,1)=0.5
1769:(1,2,3,2,2,1,1)=0.6000000000000001
1771:(1,2,3,2,2,3,1)=0.5
1772:(1,2,3,2,3,0,1)=1.0
1773:(1,2,3,2,3,1,1)=0.5
1774:(1,2,3,2,3,2,1)=0.5
1775:(1,2,3,2,3,3,1)=0.33333333333360005
1776:(1,2,3,3,0,0,1)=0.33333333333399995
1777:(1,2,3,3,0,1,1)=0.5000000000002001
1779:(1,2,3,3,0,3,1)=0.33333333333399995
1780:(1,2,3,3,1,0,1)=0.5000000000002001
1784:(1,2,3,3,2,0,1)=0.5000000000002001
1785:(1,2,3,3,2,1,1)=0.5999999999998
1787:(1,2,3,3,2,3,1)=0.5000000000002001
1788:(1,2,3,3,3,0,1)=1.0
1789:(1,2,3,3,3,1,1)=0.5000000000002001
1790:(1,2,3,3,3,2,1)=0.5000000000002001
1791:(1,2,3,3,3,3,1)=0.33333333333399995
1792:(1,3,0,0,0,0,1)=1.0
1793:(1,3,0,0,0,1,1)=0.5000000000002001
1794:(1,3,0,0,0,2,1)=0.5000000000002001
1796:(1,3,0,0,1,0,1)=0.7500000000001
1797:(1,3,0,0,1,1,1)=0.5999999999998
1800:(1,3,0,0,2,0,1)=1.0
1801:(1,3,0,0,2,1,1)=0.5999999999998
1802:(1,3,0,0,2,2,1)=0.5999999999998
1804:(1,3,0,0,3,0,1)=1.0
1805:(1,3,0,0,3,1,1)=1.0
1806:(1,3,0,0,3,2,1)=0.5000000000002001
1807:(1,3,0,0,3,3,1)=0.33333333333399995
1808:(1,3,0,1,0,0,1)=1.0
1809:(1,3,0,1,0,1,1)=0.5
1810:(1,3,0,1,0,2,1)=0.5
1812:(1,3,0,1,1,0,1)=0.75
1813:(1,3,0,1,1,1,1)=0.6000000000000001
1816:(1,3,0,1,2,0,1)=1.0
1817:(1,3,0,1,2,1,1)=0.6000000000000001
1818:(1,3,0,1,2,2,1)=0.6000000000000001
1820:(1,3,0,1,3,0,1)=1.0
1821:(1,3,0,1,3,1,1)=1.0
1822:(1,3,0,1,3,2,1)=0.5
1823:(1,3,0,1,3,3,1)=0.33333333333360005
1824:(1,3,0,2,0,0,1)=1.0
1825:(1,3,0,2,0,1,1)=0.5
1826:(1,3,0,2,0,2,1)=0.5
1828:(1,3,0,2,1,0,1)=0.75
1829:(1,3,0,2,1,1,1)=0.6000000000000001
1832:(1,3,0,2,2,0,1)=1.0
1833:(1,3,0,2,2,1,1)=0.6000000000000001
1834:(1,3,0,2,2,2,1)=0.6000000000000001
1836:(1,3,0,2,3,0,1)=1.0
1837:(1,3,0,2,3,1,1)=1.0
1838:(1,3,0,2,3,2,1)=0.5
1839:(1,3,0,2,3,3,1)=0.33333333333360005
1840:(1,3,0,3,0,0,1)=1.0
1841:(1,3,0,3,0,1,1)=0.5000000000002001
1842:(1,3,0,3,0,2,1)=0.5000000000002001
1844:(1,3,0,3,1,0,1)=0.7500000000001
1845:(1,3,0,3,1,1,1)=0.5999999999998
1848:(1,3,0,3,2,0,1)=1.0
1849:(1,3,0,3,2,1,1)=0.5999999999998
1850:(1,3,0,3,2,2,1)=0.5999999999998
1852:(1,3,0,3,3,0,1)=1.0
1853:(1,3,0,3,3,1,1)=1.0
1854:(1,3,0,3,3,2,1)=0.5000000000002001
1855:(1,3,0,3,3,3,1)=0.33333333333399995
1856:(1,3,1,0,0,0,1)=1.0
1857:(1,3,1,0,0,1,1)=0.5
1858:(1,3,1,0,0,2,1)=0.5
1860:(1,3,1,0,1,0,1)=0.75
1861:(1,3,1,0,1,1,1)=0.6000000000000001
1864:(1,3,1,0,2,0,1)=1.0
1865:(1,3,1,0,2,1,1)=0.6000000000000001
1866:(1,3,1,0,2,2,1)=0.6000000000000001
1868:(1,3,1,0,3,0,1)=1.0
1869:(1,3,1,0,3,1,1)=1.0
1870:(1,3,1,0,3,2,1)=0.5
1871:(1,3,1,0,3,3,1)=0.33333333333360005
1872:(1,3,1,1,0,0,1)=1.0
1873:(1,3,1,1,0,1,1)=0.5
1874:(1,3,1,1,0,2,1)=0.5
1876:(1,3,1,1,1,0,1)=0.75
1877:(1,3,1,1,1,1,1)=0.6000000000000001
1880:(1,3,1,1,2,0,1)=1.0
1881:(1,3,1,1,2,1,1)=0.6000000000000001
1882:(1,3,1,1,2,2,1)=0.6000000000000001
1884:(1,3,1,1,3,0,1)=1.0
1885:(1,3,1,1,3,1,1)=1.0
1886:(1,3,1,1,3,2,1)=0.5
1887:(1,3,1,1,3,3,1)=0.3333333333330001
1888:(1,3,1,2,0,0,1)=1.0
1889:(1,3,1,2,0,1,1)=0.5
1890:(1,3,1,2,0,2,1)=0.5
1892:(1,3,1,2,1,0,1)=0.75
1893:(1,3,1,2,1,1,1)=0.6000000000000001
1896:(1,3,1,2,2,0,1)=1.0
1897:(1,3,1,2,2,1,1)=0.6000000000000001
1898:(1,3,1,2,2,2,1)=0.6000000000000001
1900:(1,3,1,2,3,0,1)=1.0
1901:(1,3,1,2,3,1,1)=1.0
1902:(1,3,1,2,3,2,1)=0.5
1903:(1,3,1,2,3,3,1)=0.3333333333330001
1904:(1,3,1,3,0,0,1)=1.0
1905:(1,3,1,3,0,1,1)=0.5
1906:(1,3,1,3,0,2,1)=0.5
1908:(1,3,1,3,1,0,1)=0.75
1909:(1,3,1,3,1,1,1)=0.6000000000000001
1912:(1,3,1,3,2,0,1)=1.0
1913:(1,3,1,3,2,1,1)=0.6000000000000001
1914:(1,3,1,3,2,2,1)=0.6000000000000001
1916:(1,3,1,3,3,0,1)=1.0
1917:(1,3,1,3,3,1,1)=1.0
1918:(1,3,1,3,3,2,1)=0.5
1919:(1,3,1,3,3,3,1)=0.33333333333360005
1920:(1,3,2,0,0,0,1)=1.0
1921:(1,3,2,0,0,1,1)=0.5
1922:(1,3,2,0,0,2,1)=0.5
1924:(1,3,2,0,1,0,1)=0.75
1925:(1,3,2,0,1,1,1)=0.6000000000000001
1928:(1,3,2,0,2,0,1)=1.0
1929:(1,3,2,0,2,1,1)=0.6000000000000001
1930:(1,3,2,0,2,2,1)=0.6000000000000001
1932:(1,3,2,0,3,0,1)=1.0
1933:(1,3,2,0,3,1,1)=1.0
1934:(1,3,2,0,3,2,1)=0.5
1935:(1,3,2,0,3,3,1)=0.33333333333360005
1936:(1,3,2,1,0,0,1)=1.0
1937:(1,3,2,1,0,1,1)=0.5
1938:(1,3,2,1,0,2,1)=0.5
1940:(1,3,2,1,1,0,1)=0.75
1941:(1,3,2,1,1,1,1)=0.6000000000000001
1944:(1,3,2,1,2,0,1)=1.0
1945:(1,3,2,1,2,1,1)=0.6000000000000001
1946:(1,3,2,1,2,2,1)=0.6000000000000001
1948:(1,3,2,1,3,0,1)=1.0
1949:(1,3,2,1,3,1,1)=1.0
1950:(1,3,2,1,3,2,1)=0.5
1951:(1,3,2,1,3,3,1)=0.3333333333330001
1952:(1,3,2,2,0,0,1)=1.0
1953:(1,3,2,2,0,1,1)=0.5
1954:(1,3,2,2,0,2,1)=0.5
1956:(1,3,2,2,1,0,1)=0.75
1957:(1,3,2,2,1,1,1)=0.6000000000000001
1960:(1,3,2,2,2,0,1)=1.0
1961:(1,3,2,2,2,1,1)=0.6000000000000001
1962:(1,3,2,2,2,2,1)=0.6000000000000001
1964:(1,3,2,2,3,0,1)=1.0
1965:(1,3,2,2,3,1,1)=1.0
1966:(1,3,2,2,3,2,1)=0.5
1967:(1,3,2,2,3,3,1)=0.3333333333330001
1968:(1,3,2,3,0,0,1)=1.0
1969:(1,3,2,3,0,1,1)=0.5
1970:(1,3,2,3,0,2,1)=0.5
1972:(1,3,2,3,1,0,1)=0.75
1973:(1,3,2,3,1,1,1)=0.6000000000000001
1976:(1,3,2,3,2,0,1)=1.0
1977:(1,3,2,3,2,1,1)=0.6000000000000001
1978:(1,3,2,3,2,2,1)=0.6000000000000001
1980:(1,3,2,3,3,0,1)=1.0
1981:(1,3,2,3,3,1,1)=1.0
1982:(1,3,2,3,3,2,1)=0.5
1983:(1,3,2,3,3,3,1)=0.33333333333360005
1984:(1,3,3,0,0,0,1)=1.0
1985:(1,3,3,0,0,1,1)=0.5000000000002001
1986:(1,3,3,0,0,2,1)=0.5000000000002001
1988:(1,3,3,0,1,0,1)=0.7500000000001
1989:(1,3,3,0,1,1,1)=0.5999999999998
1992:(1,3,3,0,2,0,1)=1.0
1993:(1,3,3,0,2,1,1)=0.5999999999998
1994:(1,3,3,0,2,2,1)=0.5999999999998
1996:(1,3,3,0,3,0,1)=1.0
1997:(1,3,3,0,3,1,1)=1.0
1998:(1,3,3,0,3,2,1)=0.5000000000002001
1999:(1,3,3,0,3,3,1)=0.33333333333399995
2000:(1,3,3,1,0,0,1)=1.0
2001:(1,3,3,1,0,1,1)=0.5
2002:(1,3,3,1,0,2,1)=0.5
2004:(1,3,3,1,1,0,1)=0.75
2005:(1,3,3,1,1,1,1)=0.6000000000000001
2008:(1,3,3,1,2,0,1)=1.0
2009:(1,3,3,1,2,1,1)=0.6000000000000001
2010:(1,3,3,1,2,2,1)=0.6000000000000001
2012:(1,3,3,1,3,0,1)=1.0
2013:(1,3,3,1,3,1,1)=1.0
2014:(1,3,3,1,3,2,1)=0.5
2015:(1,3,3,1,3,3,1)=0.33333333333360005
2016:(1,3,3,2,0,0,1)=1.0
2017:(1,3,3,2,0,1,1)=0.5
2018:(1,3,3,2,0,2,1)=0.5
2020:(1,3,3,2,1,0,1)=0.75
2021:(1,3,3,2,1,1,1)=0.6000000000000001
2024:(1,3,3,2,2,0,1)=1.0
2025:(1,3,3,2,2,1,1)=0.6000000000000001
2026:(1,3,3,2,2,2,1)=0.6000000000000001
2028:(1,3,3,2,3,0,1)=1.0
2029:(1,3,3,2,3,1,1)=1.0
2030:(1,3,3,2,3,2,1)=0.5
2031:(1,3,3,2,3,3,1)=0.33333333333360005
2032:(1,3,3,3,0,0,1)=1.0
2033:(1,3,3,3,0,1,1)=0.5000000000002001
2034:(1,3,3,3,0,2,1)=0.5000000000002001
2036:(1,3,3,3,1,0,1)=0.7500000000001
2037:(1,3,3,3,1,1,1)=0.5999999999998
2040:(1,3,3,3,2,0,1)=1.0
2041:(1,3,3,3,2,1,1)=0.5999999999998
2042:(1,3,3,3,2,2,1)=0.5999999999998
2044:(1,3,3,3,3,0,1)=1.0
2045:(1,3,3,3,3,1,1)=1.0
2046:(1,3,3,3,3,2,1)=0.5000000000002001
2047:(1,3,3,3,3,3,1)=0.33333333333399995
2048:(2,0,0,0,0,0,1)=0.33333333333399995
2049:(2,0,0,0,0,1,1)=0.5000000000002001
2050:(2,0,0,0,0,2,1)=1.0
2051:(2,0,0,0,0,3,1)=1.0
2053:(2,0,0,0,1,1,1)=0.5999999999998
2054:(2,0,0,0,1,2,1)=0.5999999999998
2055:(2,0,0,0,1,3,1)=1.0
2058:(2,0,0,0,2,2,1)=0.5999999999998
2059:(2,0,0,0,2,3,1)=0.7500000000001
2061:(2,0,0,0,3,1,1)=0.5000000000002001
2062:(2,0,0,0,3,2,1)=0.5000000000002001
2063:(2,0,0,0,3,3,1)=1.0
2064:(2,0,0,1,0,0,1)=0.33333333333360005
2065:(2,0,0,1,0,1,1)=0.5
2066:(2,0,0,1,0,2,1)=1.0
2067:(2,0,0,1,0,3,1)=1.0
2069:(2,0,0,1,1,1,1)=0.6000000000000001
2070:(2,0,0,1,1,2,1)=0.6000000000000001
2071:(2,0,0,1,1,3,1)=1.0
2074:(2,0,0,1,2,2,1)=0.6000000000000001
2075:(2,0,0,1,2,3,1)=0.75
2077:(2,0,0,1,3,1,1)=0.5
2078:(2,0,0,1,3,2,1)=0.5
2079:(2,0,0,1,3,3,1)=1.0
2080:(2,0,0,2,0,0,1)=0.33333333333360005
2081:(2,0,0,2,0,1,1)=0.5
2082:(2,0,0,2,0,2,1)=1.0
2083:(2,0,0,2,0,3,1)=1.0
2085:(2,0,0,2,1,1,1)=0.6000000000000001
2086:(2,0,0,2,1,2,1)=0.6000000000000001
2087:(2,0,0,2,1,3,1)=1.0
2090:(2,0,0,2,2,2,1)=0.6000000000000001
2091:(2,0,0,2,2,3,1)=0.75
2093:(2,0,0,2,3,1,1)=0.5
2094:(2,0,0,2,3,2,1)=0.5
2095:(2,0,0,2,3,3,1)=1.0
2096:(2,0,0,3,0,0,1)=0.33333333333399995
2097:(2,0,0,3,0,1,1)=0.5000000000002001
2098:(2,0,0,3,0,2,1)=1.0
2099:(2,0,0,3,0,3,1)=1.0
2101:(2,0,0,3,1,1,1)=0.5999999999998
2102:(2,0,0,3,1,2,1)=0.5999999999998
2103:(2,0,0,3,1,3,1)=1.0
2106:(2,0,0,3,2,2,1)=0.5999999999998
2107:(2,0,0,3,2,3,1)=0.7500000000001
2109:(2,0,0,3,3,1,1)=0.5000000000002001
2110:(2,0,0,3,3,2,1)=0.5000000000002001
2111:(2,0,0,3,3,3,1)=1.0
2112:(2,0,1,0,0,0,1)=0.33333333333360005
2113:(2,0,1,0,0,1,1)=0.5
2114:(2,0,1,0,0,2,1)=1.0
2115:(2,0,1,0,0,3,1)=1.0
2117:(2,0,1,0,1,1,1)=0.6000000000000001
2118:(2,0,1,0,1,2,1)=0.6000000000000001
2119:(2,0,1,0,1,3,1)=1.0
2122:(2,0,1,0,2,2,1)=0.6000000000000001
2123:(2,0,1,0,2,3,1)=0.75
2125:(2,0,1,0,3,1,1)=0.5
2126:(2,0,1,0,3,2,1)=0.5
2127:(2,0,1,0,3,3,1)=1.0
2128:(2,0,1,1,0,0,1)=0.3333333333330001
2129:(2,0,1,1,0,1,1)=0.5
2130:(2,0,1,1,0,2,1)=1.0
2131:(2,0,1,1,0,3,1)=1.0
2133:(2,0,1,1,1,1,1)=0.6000000000000001
2134:(2,0,1,1,1,2,1)=0.6000000000000001
2135:(2,0,1,1,1,3,1)=1.0
2138:(2,0,1,1,2,2,1)=0.6000000000000001
2139:(2,0,1,1,2,3,1)=0.75
2141:(2,0,1,1,3,1,1)=0.5
2142:(2,0,1,1,3,2,1)=0.5
2143:(2,0,1,1,3,3,1)=1.0
2144:(2,0,1,2,0,0,1)=0.3333333333330001
2145:(2,0,1,2,0,1,1)=0.5
2146:(2,0,1,2,0,2,1)=1.0
2147:(2,0,1,2,0,3,1)=1.0
2149:(2,0,1,2,1,1,1)=0.6000000000000001
2150:(2,0,1,2,1,2,1)=0.6000000000000001
2151:(2,0,1,2,1,3,1)=1.0
2154:(2,0,1,2,2,2,1)=0.6000000000000001
2155:(2,0,1,2,2,3,1)=0.75
2157:(2,0,1,2,3,1,1)=0.5
2158:(2,0,1,2,3,2,1)=0.5
2159:(2,0,1,2,3,3,1)=1.0
2160:(2,0,1,3,0,0,1)=0.33333333333360005
2161:(2,0,1,3,0,1,1)=0.5
2162:(2,0,1,3,0,2,1)=1.0
2163:(2,0,1,3,0,3,1)=1.0
2165:(2,0,1,3,1,1,1)=0.6000000000000001
2166:(2,0,1,3,1,2,1)=0.6000000000000001
2167:(2,0,1,3,1,3,1)=1.0
2170:(2,0,1,3,2,2,1)=0.6000000000000001
2171:(2,0,1,3,2,3,1)=0.75
2173:(2,0,1,3,3,1,1)=0.5
2174:(2,0,1,3,3,2,1)=0.5
2175:(2,0,1,3,3,3,1)=1.0
2176:(2,0,2,0,0,0,1)=0.33333333333360005
2177:(2,0,2,0,0,1,1)=0.5
2178:(2,0,2,0,0,2,1)=1.0
2179:(2,0,2,0,0,3,1)=1.0
2181:(2,0,2,0,1,1,1)=0.6000000000000001
2182:(2,0,2,0,1,2,1)=0.6000000000000001
2183:(2,0,2,0,1,3,1)=1.0
2186:(2,0,2,0,2,2,1)=0.6000000000000001
2187:(2,0,2,0,2,3,1)=0.75
2189:(2,0,2,0,3,1,1)=0.5
2190:(2,0,2,0,3,2,1)=0.5
2191:(2,0,2,0,3,3,1)=1.0
2192:(2,0,2,1,0,0,1)=0.3333333333330001
2193:(2,0,2,1,0,1,1)=0.5
2194:(2,0,2,1,0,2,1)=1.0
2195:(2,0,2,1,0,3,1)=1.0
2197:(2,0,2,1,1,1,1)=0.6000000000000001
2198:(2,0,2,1,1,2,1)=0.6000000000000001
2199:(2,0,2,1,1,3,1)=1.0
2202:(2,0,2,1,2,2,1)=0.6000000000000001
2203:(2,0,2,1,2,3,1)=0.75
2205:(2,0,2,1,3,1,1)=0.5
2206:(2,0,2,1,3,2,1)=0.5
2207:(2,0,2,1,3,3,1)=1.0
2208:(2,0,2,2,0,0,1)=0.3333333333330001
2209:(2,0,2,2,0,1,1)=0.5
2210:(2,0,2,2,0,2,1)=1.0
2211:(2,0,2,2,0,3,1)=1.0
2213:(2,0,2,2,1,1,1)=0.6000000000000001
2214:(2,0,2,2,1,2,1)=0.6000000000000001
2215:(2,0,2,2,1,3,1)=1.0
2218:(2,0,2,2,2,2,1)=0.6000000000000001
2219:(2,0,2,2,2,3,1)=0.75
2221:(2,0,2,2,3,1,1)=0.5
2222:(2,0,2,2,3,2,1)=0.5
2223:(2,0,2,2,3,3,1)=1.0
2224:(2,0,2,3,0,0,1)=0.33333333333360005
2225:(2,0,2,3,0,1,1)=0.5
2226:(2,0,2,3,0,2,1)=1.0
2227:(2,0,2,3,0,3,1)=1.0
2229:(2,0,2,3,1,1,1)=0.6000000000000001
2230:(2,0,2,3,1,2,1)=0.6000000000000001
2231:(2,0,2,3,1,3,1)=1.0
2234:(2,0,2,3,2,2,1)=0.6000000000000001
2235:(2,0,2,3,2,3,1)=0.75
2237:(2,0,2,3,3,1,1)=0.5
2238:(2,0,2,3,3,2,1)=0.5
2239:(2,0,2,3,3,3,1)=1.0
2240:(2,0,3,0,0,0,1)=0.33333333333399995
2241:(2,0,3,0,0,1,1)=0.5000000000002001
2242:(2,0,3,0,0,2,1)=1.0
2243:(2,0,3,0,0,3,1)=1.0
2245:(2,0,3,0,1,1,1)=0.5999999999998
2246:(2,0,3,0,1,2,1)=0.5999999999998
2247:(2,0,3,0,1,3,1)=1.0
2250:(2,0,3,0,2,2,1)=0.5999999999998
2251:(2,0,3,0,2,3,1)=0.7500000000001
2253:(2,0,3,0,3,1,1)=0.5000000000002001
2254:(2,0,3,0,3,2,1)=0.5000000000002001
2255:(2,0,3,0,3,3,1)=1.0
2256:(2,0,3,1,0,0,1)=0.33333333333360005
2257:(2,0,3,1,0,1,1)=0.5
2258:(2,0,3,1,0,2,1)=1.0
2259:(2,0,3,1,0,3,1)=1.0
2261:(2,0,3,1,1,1,1)=0.6000000000000001
2262:(2,0,3,1,1,2,1)=0.6000000000000001
2263:(2,0,3,1,1,3,1)=1.0
2266:(2,0,3,1,2,2,1)=0.6000000000000001
2267:(2,0,3,1,2,3,1)=0.75
2269:(2,0,3,1,3,1,1)=0.5
2270:(2,0,3,1,3,2,1)=0.5
2271:(2,0,3,1,3,3,1)=1.0
2272:(2,0,3,2,0,0,1)=0.33333333333360005
2273:(2,0,3,2,0,1,1)=0.5
2274:(2,0,3,2,0,2,1)=1.0
2275:(2,0,3,2,0,3,1)=1.0
2277:(2,0,3,2,1,1,1)=0.6000000000000001
2278:(2,0,3,2,1,2,1)=0.6000000000000001
2279:(2,0,3,2,1,3,1)=1.0
2282:(2,0,3,2,2,2,1)=0.6000000000000001
2283:(2,0,3,2,2,3,1)=0.75
2285:(2,0,3,2,3,1,1)=0.5
2286:(2,0,3,2,3,2,1)=0.5
2287:(2,0,3,2,3,3,1)=1.0
2288:(2,0,3,3,0,0,1)=0.33333333333399995
2289:(2,0,3,3,0,1,1)=0.5000000000002001
2290:(2,0,3,3,0,2,1)=1.0
2291:(2,0,3,3,0,3,1)=1.0
2293:(2,0,3,3,1,1,1)=0.5999999999998
2294:(2,0,3,3,1,2,1)=0.5999999999998
2295:(2,0,3,3,1,3,1)=1.0
2298:(2,0,3,3,2,2,1)=0.5999999999998
2299:(2,0,3,3,2,3,1)=0.7500000000001
2301:(2,0,3,3,3,1,1)=0.5000000000002001
2302:(2,0,3,3,3,2,1)=0.5000000000002001
2303:(2,0,3,3,3,3,1)=1.0
2304:(2,1,0,0,0,0,1)=0.33333333333399995
2305:(2,1,0,0,0,1,1)=0.5000000000002001
2306:(2,1,0,0,0,2,1)=0.5000000000002001
2307:(2,1,0,0,0,3,1)=1.0
2308:(2,1,0,0,1,0,1)=0.5000000000002001
2310:(2,1,0,0,1,2,1)=0.5999999999998
2311:(2,1,0,0,1,3,1)=0.5000000000002001
2315:(2,1,0,0,2,3,1)=0.5000000000002001
2316:(2,1,0,0,3,0,1)=0.33333333333399995
2318:(2,1,0,0,3,2,1)=0.5000000000002001
2319:(2,1,0,0,3,3,1)=0.33333333333399995
2320:(2,1,0,1,0,0,1)=0.33333333333360005
2321:(2,1,0,1,0,1,1)=0.5
2322:(2,1,0,1,0,2,1)=0.5
2323:(2,1,0,1,0,3,1)=1.0
2324:(2,1,0,1,1,0,1)=0.5
2326:(2,1,0,1,1,2,1)=0.6000000000000001
2327:(2,1,0,1,1,3,1)=0.5
2331:(2,1,0,1,2,3,1)=0.5
2332:(2,1,0,1,3,0,1)=0.33333333333360005
2334:(2,1,0,1,3,2,1)=0.5
2335:(2,1,0,1,3,3,1)=0.33333333333360005
2336:(2,1,0,2,0,0,1)=0.33333333333360005
2337:(2,1,0,2,0,1,1)=0.5
2338:(2,1,0,2,0,2,1)=0.5
2339:(2,1,0,2,0,3,1)=1.0
2340:(2,1,0,2,1,0,1)=0.5
2342:(2,1,0,2,1,2,1)=0.6000000000000001
2343:(2,1,0,2,1,3,1)=0.5
2347:(2,1,0,2,2,3,1)=0.5
2348:(2,1,0,2,3,0,1)=0.33333333333360005
2350:(2,1,0,2,3,2,1)=0.5
2351:(2,1,0,2,3,3,1)=0.33333333333360005
2352:(2,1,0,3,0,0,1)=0.33333333333399995
2353:(2,1,0,3,0,1,1)=0.5000000000002001
2354:(2,1,0,3,0,2,1)=0.5000000000002001
2355:(2,1,0,3,0,3,1)=1.0
2356:(2,1,0,3,1,0,1)=0.5000000000002001
2358:(2,1,0,3,1,2,1)=0.5999999999998
2359:(2,1,0,3,1,3,1)=0.5000000000002001
2363:(2,1,0,3,2,3,1)=0.5000000000002001
2364:(2,1,0,3,3,0,1)=0.33333333333399995
2366:(2,1,0,3,3,2,1)=0.5000000000002001
2367:(2,1,0,3,3,3,1)=0.33333333333399995
2368:(2,1,1,0,0,0,1)=0.33333333333360005
2369:(2,1,1,0,0,1,1)=0.5
2370:(2,1,1,0,0,2,1)=0.5
2371:(2,1,1,0,0,3,1)=1.0
2372:(2,1,1,0,1,0,1)=0.5
2374:(2,1,1,0,1,2,1)=0.6000000000000001
2375:(2,1,1,0,1,3,1)=0.5
2379:(2,1,1,0,2,3,1)=0.5
2380:(2,1,1,0,3,0,1)=0.33333333333360005
2382:(2,1,1,0,3,2,1)=0.5
2383:(2,1,1,0,3,3,1)=0.33333333333360005
2384:(2,1,1,1,0,0,1)=0.3333333333330001
2385:(2,1,1,1,0,1,1)=0.5
2386:(2,1,1,1,0,2,1)=0.5
2387:(2,1,1,1,0,3,1)=1.0
2388:(2,1,1,1,1,0,1)=0.5
2390:(2,1,1,1,1,2,1)=0.6000000000000001
2391:(2,1,1,1,1,3,1)=0.5
2395:(2,1,1,1,2,3,1)=0.5
2396:(2,1,1,1,3,0,1)=0.3333333333330001
2398:(2,1,1,1,3,2,1)=0.5
2399:(2,1,1,1,3,3,1)=0.3333333333330001
2400:(2,1,1,2,0,0,1)=0.3333333333330001
2401:(2,1,1,2,0,1,1)=0.5
2402:(2,1,1,2,0,2,1)=0.5
2403:(2,1,1,2,0,3,1)=1.0
2404:(2,1,1,2,1,0,1)=0.5
2406:(2,1,1,2,1,2,1)=0.6000000000000001
2407:(2,1,1,2,1,3,1)=0.5
2411:(2,1,1,2,2,3,1)=0.5
2412:(2,1,1,2,3,0,1)=0.3333333333330001
2414:(2,1,1,2,3,2,1)=0.5
2415:(2,1,1,2,3,3,1)=0.3333333333330001
2416:(2,1,1,3,0,0,1)=0.33333333333360005
2417:(2,1,1,3,0,1,1)=0.5
2418:(2,1,1,3,0,2,1)=0.5
2419:(2,1,1,3,0,3,1)=1.0
2420:(2,1,1,3,1,0,1)=0.5
2422:(2,1,1,3,1,2,1)=0.6000000000000001
2423:(2,1,1,3,1,3,1)=0.5
2427:(2,1,1,3,2,3,1)=0.5
2428:(2,1,1,3,3,0,1)=0.33333333333360005
2430:(2,1,1,3,3,2,1)=0.5
2431:(2,1,1,3,3,3,1)=0.33333333333360005
2432:(2,1,2,0,0,0,1)=0.33333333333360005
2433:(2,1,2,0,0,1,1)=0.5
2434:(2,1,2,0,0,2,1)=0.5
2435:(2,1,2,0,0,3,1)=1.0
2436:(2,1,2,0,1,0,1)=0.5
2438:(2,1,2,0,1,2,1)=0.6000000000000001
2439:(2,1,2,0,1,3,1)=0.5
2443:(2,1,2,0,2,3,1)=0.5
2444:(2,1,2,0,3,0,1)=0.33333333333360005
2446:(2,1,2,0,3,2,1)=0.5
2447:(2,1,2,0,3,3,1)=0.33333333333360005
2448:(2,1,2,1,0,0,1)=0.3333333333330001
2449:(2,1,2,1,0,1,1)=0.5
2450:(2,1,2,1,0,2,1)=0.5
2451:(2,1,2,1,0,3,1)=1.0
2452:(2,1,2,1,1,0,1)=0.5
2454:(2,1,2,1,1,2,1)=0.6000000000000001
2455:(2,1,2,1,1,3,1)=0.5
2459:(2,1,2,1,2,3,1)=0.5
2460:(2,1,2,1,3,0,1)=0.3333333333330001
2462:(2,1,2,1,3,2,1)=0.5
2463:(2,1,2,1,3,3,1)=0.3333333333330001
2464:(2,1,2,2,0,0,1)=0.3333333333330001
2465:(2,1,2,2,0,1,1)=0.5
2466:(2,1,2,2,0,2,1)=0.5
2467:(2,1,2,2,0,3,1)=1.0
2468:(2,1,2,2,1,0,1)=0.5
2470:(2,1,2,2,1,2,1)=0.6000000000000001
2471:(2,1,2,2,1,3,1)=0.5
2475:(2,1,2,2,2,3,1)=0.5
2476:(2,1,2,2,3,0,1)=0.3333333333330001
2478:(2,1,2,2,3,2,1)=0.5
2479:(2,1,2,2,3,3,1)=0.3333333333330001
2480:(2,1,2,3,0,0,1)=0.33333333333360005
2481:(2,1,2,3,0,1,1)=0.5
2482:(2,1,2,3,0,2,1)=0.5
2483:(2,1,2,3,0,3,1)=1.0
2484:(2,1,2,3,1,0,1)=0.5
2486:(2,1,2,3,1,2,1)=0.6000000000000001
2487:(2,1,2,3,1,3,1)=0.5
2491:(2,1,2,3,2,3,1)=0.5
2492:(2,1,2,3,3,0,1)=0.33333333333360005
2494:(2,1,2,3,3,2,1)=0.5
2495:(2,1,2,3,3,3,1)=0.33333333333360005
2496:(2,1,3,0,0,0,1)=0.33333333333399995
2497:(2,1,3,0,0,1,1)=0.5000000000002001
2498:(2,1,3,0,0,2,1)=0.5000000000002001
2499:(2,1,3,0,0,3,1)=1.0
2500:(2,1,3,0,1,0,1)=0.5000000000002001
2502:(2,1,3,0,1,2,1)=0.5999999999998
2503:(2,1,3,0,1,3,1)=0.5000000000002001
2507:(2,1,3,0,2,3,1)=0.5000000000002001
2508:(2,1,3,0,3,0,1)=0.33333333333399995
2510:(2,1,3,0,3,2,1)=0.5000000000002001
2511:(2,1,3,0,3,3,1)=0.33333333333399995
2512:(2,1,3,1,0,0,1)=0.33333333333360005
2513:(2,1,3,1,0,1,1)=0.5
2514:(2,1,3,1,0,2,1)=0.5
2515:(2,1,3,1,0,3,1)=1.0
2516:(2,1,3,1,1,0,1)=0.5
2518:(2,1,3,1,1,2,1)=0.6000000000000001
2519:(2,1,3,1,1,3,1)=0.5
2523:(2,1,3,1,2,3,1)=0.5
2524:(2,1,3,1,3,0,1)=0.33333333333360005
2526:(2,1,3,1,3,2,1)=0.5
2527:(2,1,3,1,3,3,1)=0.33333333333360005
2528:(2,1,3,2,0,0,1)=0.33333333333360005
2529:(2,1,3,2,0,1,1)=0.5
2530:(2,1,3,2,0,2,1)=0.5
2531:(2,1,3,2,0,3,1)=1.0
2532:(2,1,3,2,1,0,1)=0.5
2534:(2,1,3,2,1,2,1)=0.6000000000000001
2535:(2,1,3,2,1,3,1)=0.5
2539:(2,1,3,2,2,3,1)=0.5
2540:(2,1,3,2,3,0,1)=0.33333333333360005
2542:(2,1,3,2,3,2,1)=0.5
2543:(2,1,3,2,3,3,1)=0.33333333333360005
2544:(2,1,3,3,0,0,1)=0.33333333333399995
2545:(2,1,3,3,0,1,1)=0.5000000000002001
2546:(2,1,3,3,0,2,1)=0.5000000000002001
2547:(2,1,3,3,0,3,1)=1.0
2548:(2,1,3,3,1,0,1)=0.5000000000002001
2550:(2,1,3,3,1,2,1)=0.5999999999998
2551:(2,1,3,3,1,3,1)=0.5000000000002001
2555:(2,1,3,3,2,3,1)=0.5000000000002001
2556:(2,1,3,3,3,0,1)=0.33333333333399995
2558:(2,1,3,3,3,2,1)=0.5000000000002001
2559:(2,1,3,3,3,3,1)=0.33333333333399995
2560:(2,2,0,0,0,0,1)=1.0
2561:(2,2,0,0,0,1,1)=0.5000000000002001
2562:(2,2,0,0,0,2,1)=0.5000000000002001
2563:(2,2,0,0,0,3,1)=0.33333333333399995
2564:(2,2,0,0,1,0,1)=0.5000000000002001
2565:(2,2,0,0,1,1,1)=0.5999999999998
2567:(2,2,0,0,1,3,1)=0.5000000000002001
2568:(2,2,0,0,2,0,1)=0.5000000000002001
2572:(2,2,0,0,3,0,1)=0.33333333333399995
2573:(2,2,0,0,3,1,1)=0.5000000000002001
2575:(2,2,0,0,3,3,1)=0.33333333333399995
2576:(2,2,0,1,0,0,1)=1.0
2577:(2,2,0,1,0,1,1)=0.5
2578:(2,2,0,1,0,2,1)=0.5
2579:(2,2,0,1,0,3,1)=0.33333333333360005
2580:(2,2,0,1,1,0,1)=0.5
2581:(2,2,0,1,1,1,1)=0.6000000000000001
2583:(2,2,0,1,1,3,1)=0.5
2584:(2,2,0,1,2,0,1)=0.5
2588:(2,2,0,1,3,0,1)=0.33333333333360005
2589:(2,2,0,1,3,1,1)=0.5
2591:(2,2,0,1,3,3,1)=0.33333333333360005
2592:(2,2,0,2,0,0,1)=1.0
2593:(2,2,0,2,0,1,1)=0.5
2594:(2,2,0,2,0,2,1)=0.5
2595:(2,2,0,2,0,3,1)=0.33333333333360005
2596:(2,2,0,2,1,0,1)=0.5
2597:(2,2,0,2,1,1,1)=0.6000000000000001
2599:(2,2,0,2,1,3,1)=0.5
2600:(2,2,0,2,2,0,1)=0.5
2604:(2,2,0,2,3,0,1)=0.33333333333360005
2605:(2,2,0,2,3,1,1)=0.5
2607:(2,2,0,2,3,3,1)=0.33333333333360005
2608:(2,2,0,3,0,0,1)=1.0
2609:(2,2,0,3,0,1,1)=0.5000000000002001
2610:(2,2,0,3,0,2,1)=0.5000000000002001
2611:(2,2,0,3,0,3,1)=0.33333333333399995
2612:(2,2,0,3,1,0,1)=0.5000000000002001
2613:(2,2,0,3,1,1,1)=0.5999999999998
2615:(2,2,0,3,1,3,1)=0.5000000000002001
2616:(2,2,0,3,2,0,1)=0.5000000000002001
2620:(2,2,0,3,3,0,1)=0.33333333333399995
2621:(2,2,0,3,3,1,1)=0.5000000000002001
2623:(2,2,0,3,3,3,1)=0.33333333333399995
2624:(2,2,1,0,0,0,1)=1.0
2625:(2,2,1,0,0,1,1)=0.5
2626:(2,2,1,0,0,2,1)=0.5
2627:(2,2,1,0,0,3,1)=0.33333333333360005
2628:(2,2,1,0,1,0,1)=0.5
2629:(2,2,1,0,1,1,1)=0.6000000000000001
2631:(2,2,1,0,1,3,1)=0.5
2632:(2,2,1,0,2,0,1)=0.5
2636:(2,2,1,0,3,0,1)=0.33333333333360005
2637:(2,2,1,0,3,1,1)=0.5
2639:(2,2,1,0,3,3,1)=0.33333333333360005
2640:(2,2,1,1,0,0,1)=1.0
2641:(2,2,1,1,0,1,1)=0.5
2642:(2,2,1,1,0,2,1)=0.5
2643:(2,2,1,1,0,3,1)=0.3333333333330001
2644:(2,2,1,1,1,0,1)=0.5
2645:(2,2,1,1,1,1,1)=0.6000000000000001
2647:(2,2,1,1,1,3,1)=0.5
2648:(2,2,1,1,2,0,1)=0.5
2652:(2,2,1,1,3,0,1)=0.3333333333330001
2653:(2,2,1,1,3,1,1)=0.5
2655:(2,2,1,1,3,3,1)=0.3333333333330001
2656:(2,2,1,2,0,0,1)=1.0
2657:(2,2,1,2,0,1,1)=0.5
2658:(2,2,1,2,0,2,1)=0.5
2659:(2,2,1,2,0,3,1)=0.3333333333330001
2660:(2,2,1,2,1,0,1)=0.5
2661:(2,2,1,2,1,1,1)=0.6000000000000001
2663:(2,2,1,2,1,3,1)=0.5
2664:(2,2,1,2,2,0,1)=0.5
2668:(2,2,1,2,3,0,1)=0.3333333333330001
2669:(2,2,1,2,3,1,1)=0.5
2671:(2,2,1,2,3,3,1)=0.3333333333330001
2672:(2,2,1,3,0,0,1)=1.0
2673:(2,2,1,3,0,1,1)=0.5
2674:(2,2,1,3,0,2,1)=0.5
2675:(2,2,1,3,0,3,1)=0.33333333333360005
2676:(2,2,1,3,1,0,1)=0.5
2677:(2,2,1,3,1,1,1)=0.6000000000000001
2679:(2,2,1,3,1,3,1)=0.5
2680:(2,2,1,3,2,0,1)=0.5
2684:(2,2,1,3,3,0,1)=0.33333333333360005
2685:(2,2,1,3,3,1,1)=0.5
2687:(2,2,1,3,3,3,1)=0.33333333333360005
2688:(2,2,2,0,0,0,1)=1.0
2689:(2,2,2,0,0,1,1)=0.5
2690:(2,2,2,0,0,2,1)=0.5
2691:(2,2,2,0,0,3,1)=0.33333333333360005
2692:(2,2,2,0,1,0,1)=0.5
2693:(2,2,2,0,1,1,1)=0.6000000000000001
2695:(2,2,2,0,1,3,1)=0.5
2696:(2,2,2,0,2,0,1)=0.5
2700:(2,2,2,0,3,0,1)=0.33333333333360005
2701:(2,2,2,0,3,1,1)=0.5
2703:(2,2,2,0,3,3,1)=0.33333333333360005
2704:(2,2,2,1,0,0,1)=1.0
2705:(2,2,2,1,0,1,1)=0.5
2706:(2,2,2,1,0,2,1)=0.5
2707:(2,2,2,1,0,3,1)=0.3333333333330001
2708:(2,2,2,1,1,0,1)=0.5
2709:(2,2,2,1,1,1,1)=0.6000000000000001
2711:(2,2,2,1,1,3,1)=0.5
2712:(2,2,2,1,2,0,1)=0.5
2716:(2,2,2,1,3,0,1)=0.3333333333330001
2717:(2,2,2,1,3,1,1)=0.5
2719:(2,2,2,1,3,3,1)=0.3333333333330001
2720:(2,2,2,2,0,0,1)=1.0
2721:(2,2,2,2,0,1,1)=0.5
2722:(2,2,2,2,0,2,1)=0.5
2723:(2,2,2,2,0,3,1)=0.3333333333330001
2724:(2,2,2,2,1,0,1)=0.5
2725:(2,2,2,2,1,1,1)=0.6000000000000001
2727:(2,2,2,2,1,3,1)=0.5
2728:(2,2,2,2,2,0,1)=0.5
2732:(2,2,2,2,3,0,1)=0.3333333333330001
2733:(2,2,2,2,3,1,1)=0.5
2735:(2,2,2,2,3,3,1)=0.3333333333330001
2736:(2,2,2,3,0,0,1)=1.0
2737:(2,2,2,3,0,1,1)=0.5
2738:(2,2,2,3,0,2,1)=0.5
2739:(2,2,2,3,0,3,1)=0.33333333333360005
2740:(2,2,2,3,1,0,1)=0.5
2741:(2,2,2,3,1,1,1)=0.6000000000000001
2743:(2,2,2,3,1,3,1)=0.5
2744:(2,2,2,3,2,0,1)=0.5
2748:(2,2,2,3,3,0,1)=0.33333333333360005
2749:(2,2,2,3,3,1,1)=0.5
2751:(2,2,2,3,3,3,1)=0.33333333333360005
2752:(2,2,3,0,0,0,1)=1.0
2753:(2,2,3,0,0,1,1)=0.5000000000002001
2754:(2,2,3,0,0,2,1)=0.5000000000002001
2755:(2,2,3,0,0,3,1)=0.33333333333399995
2756:(2,2,3,0,1,0,1)=0.5000000000002001
2757:(2,2,3,0,1,1,1)=0.5999999999998
2759:(2,2,3,0,1,3,1)=0.5000000000002001
2760:(2,2,3,0,2,0,1)=0.5000000000002001
2764:(2,2,3,0,3,0,1)=0.33333333333399995
2765:(2,2,3,0,3,1,1)=0.5000000000002001
2767:(2,2,3,0,3,3,1)=0.33333333333399995
2768:(2,2,3,1,0,0,1)=1.0
2769:(2,2,3,1,0,1,1)=0.5
2770:(2,2,3,1,0,2,1)=0.5
2771:(2,2,3,1,0,3,1)=0.33333333333360005
2772:(2,2,3,1,1,0,1)=0.5
2773:(2,2,3,1,1,1,1)=0.6000000000000001
2775:(2,2,3,1,1,3,1)=0.5
2776:(2,2,3,1,2,0,1)=0.5
2780:(2,2,3,1,3,0,1)=0.33333333333360005
2781:(2,2,3,1,3,1,1)=0.5
2783:(2,2,3,1,3,3,1)=0.33333333333360005
2784:(2,2,3,2,0,0,1)=1.0
2785:(2,2,3,2,0,1,1)=0.5
2786:(2,2,3,2,0,2,1)=0.5
2787:(2,2,3,2,0,3,1)=0.33333333333360005
2788:(2,2,3,2,1,0,1)=0.5
2789:(2,2,3,2,1,1,1)=0.6000000000000001
2791:(2,2,3,2,1,3,1)=0.5
2792:(2,2,3,2,2,0,1)=0.5
2796:(2,2,3,2,3,0,1)=0.33333333333360005
2797:(2,2,3,2,3,1,1)=0.5
2799:(2,2,3,2,3,3,1)=0.33333333333360005
2800:(2,2,3,3,0,0,1)=1.0
2801:(2,2,3,3,0,1,1)=0.5000000000002001
2802:(2,2,3,3,0,2,1)=0.5000000000002001
2803:(2,2,3,3,0,3,1)=0.33333333333399995
2804:(2,2,3,3,1,0,1)=0.5000000000002001
2805:(2,2,3,3,1,1,1)=0.5999999999998
2807:(2,2,3,3,1,3,1)=0.5000000000002001
2808:(2,2,3,3,2,0,1)=0.5000000000002001
2812:(2,2,3,3,3,0,1)=0.33333333333399995
2813:(2,2,3,3,3,1,1)=0.5000000000002001
2815:(2,2,3,3,3,3,1)=0.33333333333399995
2816:(2,3,0,0,0,0,1)=1.0
2817:(2,3,0,0,0,1,1)=1.0
2818:(2,3,0,0,0,2,1)=0.5000000000002001
2819:(2,3,0,0,0,3,1)=0.33333333333399995
2820:(2,3,0,0,1,0,1)=1.0
2821:(2,3,0,0,1,1,1)=0.5999999999998
2822:(2,3,0,0,1,2,1)=0.5999999999998
2824:(2,3,0,0,2,0,1)=0.7500000000001
2825:(2,3,0,0,2,1,1)=0.5999999999998
2828:(2,3,0,0,3,0,1)=1.0
2829:(2,3,0,0,3,1,1)=0.5000000000002001
2830:(2,3,0,0,3,2,1)=0.5000000000002001
2832:(2,3,0,1,0,0,1)=1.0
2833:(2,3,0,1,0,1,1)=1.0
2834:(2,3,0,1,0,2,1)=0.5
2835:(2,3,0,1,0,3,1)=0.33333333333360005
2836:(2,3,0,1,1,0,1)=1.0
2837:(2,3,0,1,1,1,1)=0.6000000000000001
2838:(2,3,0,1,1,2,1)=0.6000000000000001
2840:(2,3,0,1,2,0,1)=0.75
2841:(2,3,0,1,2,1,1)=0.6000000000000001
2844:(2,3,0,1,3,0,1)=1.0
2845:(2,3,0,1,3,1,1)=0.5
2846:(2,3,0,1,3,2,1)=0.5
2848:(2,3,0,2,0,0,1)=1.0
2849:(2,3,0,2,0,1,1)=1.0
2850:(2,3,0,2,0,2,1)=0.5
2851:(2,3,0,2,0,3,1)=0.33333333333360005
2852:(2,3,0,2,1,0,1)=1.0
2853:(2,3,0,2,1,1,1)=0.6000000000000001
2854:(2,3,0,2,1,2,1)=0.6000000000000001
2856:(2,3,0,2,2,0,1)=0.75
2857:(2,3,0,2,2,1,1)=0.6000000000000001
2860:(2,3,0,2,3,0,1)=1.0
2861:(2,3,0,2,3,1,1)=0.5
2862:(2,3,0,2,3,2,1)=0.5
2864:(2,3,0,3,0,0,1)=1.0
2865:(2,3,0,3,0,1,1)=1.0
2866:(2,3,0,3,0,2,1)=0.5000000000002001
2867:(2,3,0,3,0,3,1)=0.33333333333399995
2868:(2,3,0,3,1,0,1)=1.0
2869:(2,3,0,3,1,1,1)=0.5999999999998
2870:(2,3,0,3,1,2,1)=0.5999999999998
2872:(2,3,0,3,2,0,1)=0.7500000000001
2873:(2,3,0,3,2,1,1)=0.5999999999998
2876:(2,3,0,3,3,0,1)=1.0
2877:(2,3,0,3,3,1,1)=0.5000000000002001
2878:(2,3,0,3,3,2,1)=0.5000000000002001
2880:(2,3,1,0,0,0,1)=1.0
2881:(2,3,1,0,0,1,1)=1.0
2882:(2,3,1,0,0,2,1)=0.5
2883:(2,3,1,0,0,3,1)=0.33333333333360005
2884:(2,3,1,0,1,0,1)=1.0
2885:(2,3,1,0,1,1,1)=0.6000000000000001
2886:(2,3,1,0,1,2,1)=0.6000000000000001
2888:(2,3,1,0,2,0,1)=0.75
2889:(2,3,1,0,2,1,1)=0.6000000000000001
2892:(2,3,1,0,3,0,1)=1.0
2893:(2,3,1,0,3,1,1)=0.5
2894:(2,3,1,0,3,2,1)=0.5
2896:(2,3,1,1,0,0,1)=1.0
2897:(2,3,1,1,0,1,1)=1.0
2898:(2,3,1,1,0,2,1)=0.5
2899:(2,3,1,1,0,3,1)=0.3333333333330001
2900:(2,3,1,1,1,0,1)=1.0
2901:(2,3,1,1,1,1,1)=0.6000000000000001
2902:(2,3,1,1,1,2,1)=0.6000000000000001
2904:(2,3,1,1,2,0,1)=0.75
2905:(2,3,1,1,2,1,1)=0.6000000000000001
2908:(2,3,1,1,3,0,1)=1.0
2909:(2,3,1,1,3,1,1)=0.5
2910:(2,3,1,1,3,2,1)=0.5
2912:(2,3,1,2,0,0,1)=1.0
2913:(2,3,1,2,0,1,1)=1.0
2914:(2,3,1,2,0,2,1)=0.5
2915:(2,3,1,2,0,3,1)=0.3333333333330001
2916:(2,3,1,2,1,0,1)=1.0
2917:(2,3,1,2,1,1,1)=0.6000000000000001
2918:(2,3,1,2,1,2,1)=0.6000000000000001
2920:(2,3,1,2,2,0,1)=0.75
2921:(2,3,1,2,2,1,1)=0.6000000000000001
2924:(2,3,1,2,3,0,1)=1.0
2925:(2,3,1,2,3,1,1)=0.5
2926:(2,3,1,2,3,2,1)=0.5
2928:(2,3,1,3,0,0,1)=1.0
2929:(2,3,1,3,0,1,1)=1.0
2930:(2,3,1,3,0,2,1)=0.5
2931:(2,3,1,3,0,3,1)=0.33333333333360005
2932:(2,3,1,3,1,0,1)=1.0
2933:(2,3,1,3,1,1,1)=0.6000000000000001
2934:(2,3,1,3,1,2,1)=0.6000000000000001
2936:(2,3,1,3,2,0,1)=0.75
2937:(2,3,1,3,2,1,1)=0.6000000000000001
2940:(2,3,1,3,3,0,1)=1.0
2941:(2,3,1,3,3,1,1)=0.5
2942:(2,3,1,3,3,2,1)=0.5
2944:(2,3,2,0,0,0,1)=1.0
2945:(2,3,2,0,0,1,1)=1.0
2946:(2,3,2,0,0,2,1)=0.5
2947:(2,3,2,0,0,3,1)=0.33333333333360005
2948:(2,3,2,0,1,0,1)=1.0
2949:(2,3,2,0,1,1,1)=0.6000000000000001
2950:(2,3,2,0,1,2,1)=0.6000000000000001
2952:(2,3,2,0,2,0,1)=0.75
2953:(2,3,2,0,2,1,1)=0.6000000000000001
2956:(2,3,2,0,3,0,1)=1.0
2957:(2,3,2,0,3,1,1)=0.5
2958:(2,3,2,0,3,2,1)=0.5
2960:(2,3,2,1,0,0,1)=1.0
2961:(2,3,2,1,0,1,1)=1.0
2962:(2,3,2,1,0,2,1)=0.5
2963:(2,3,2,1,0,3,1)=0.3333333333330001
2964:(2,3,2,1,1,0,1)=1.0
2965:(2,3,2,1,1,1,1)=0.6000000000000001
2966:(2,3,2,1,1,2,1)=0.6000000000000001
2968:(2,3,2,1,2,0,1)=0.75
2969:(2,3,2,1,2,1,1)=0.6000000000000001
2972:(2,3,2,1,3,0,1)=1.0
2973:(2,3,2,1,3,1,1)=0.5
2974:(2,3,2,1,3,2,1)=0.5
2976:(2,3,2,2,0,0,1)=1.0
2977:(2,3,2,2,0,1,1)=1.0
2978:(2,3,2,2,0,2,1)=0.5
2979:(2,3,2,2,0,3,1)=0.3333333333330001
2980:(2,3,2,2,1,0,1)=1.0
2981:(2,3,2,2,1,1,1)=0.6000000000000001
2982:(2,3,2,2,1,2,1)=0.6000000000000001
2984:(2,3,2,2,2,0,1)=0.75
2985:(2,3,2,2,2,1,1)=0.6000000000000001
2988:(2,3,2,2,3,0,1)=1.0
2989:(2,3,2,2,3,1,1)=0.5
2990:(2,3,2,2,3,2,1)=0.5
2992:(2,3,2,3,0,0,1)=1.0
2993:(2,3,2,3,0,1,1)=1.0
2994:(2,3,2,3,0,2,1)=0.5
2995:(2,3,2,3,0,3,1)=0.33333333333360005
2996:(2,3,2,3,1,0,1)=1.0
2997:(2,3,2,3,1,1,1)=0.6000000000000001
2998:(2,3,2,3,1,2,1)=0.6000000000000001
3000:(2,3,2,3,2,0,1)=0.75
3001:(2,3,2,3,2,1,1)=0.6000000000000001
3004:(2,3,2,3,3,0,1)=1.0
3005:(2,3,2,3,3,1,1)=0.5
3006:(2,3,2,3,3,2,1)=0.5
3008:(2,3,3,0,0,0,1)=1.0
3009:(2,3,3,0,0,1,1)=1.0
3010:(2,3,3,0,0,2,1)=0.5000000000002001
3011:(2,3,3,0,0,3,1)=0.33333333333399995
3012:(2,3,3,0,1,0,1)=1.0
3013:(2,3,3,0,1,1,1)=0.5999999999998
3014:(2,3,3,0,1,2,1)=0.5999999999998
3016:(2,3,3,0,2,0,1)=0.7500000000001
3017:(2,3,3,0,2,1,1)=0.5999999999998
3020:(2,3,3,0,3,0,1)=1.0
3021:(2,3,3,0,3,1,1)=0.5000000000002001
3022:(2,3,3,0,3,2,1)=0.5000000000002001
3024:(2,3,3,1,0,0,1)=1.0
3025:(2,3,3,1,0,1,1)=1.0
3026:(2,3,3,1,0,2,1)=0.5
3027:(2,3,3,1,0,3,1)=0.33333333333360005
3028:(2,3,3,1,1,0,1)=1.0
3029:(2,3,3,1,1,1,1)=0.6000000000000001
3030:(2,3,3,1,1,2,1)=0.6000000000000001
3032:(2,3,3,1,2,0,1)=0.75
3033:(2,3,3,1,2,1,1)=0.6000000000000001
3036:(2,3,3,1,3,0,1)=1.0
3037:(2,3,3,1,3,1,1)=0.5
3038:(2,3,3,1,3,2,1)=0.5
3040:(2,3,3,2,0,0,1)=1.0
3041:(2,3,3,2,0,1,1)=1.0
3042:(2,3,3,2,0,2,1)=0.5
3043:(2,3,3,2,0,3,1)=0.33333333333360005
3044:(2,3,3,2,1,0,1)=1.0
3045:(2,3,3,2,1,1,1)=0.6000000000000001
3046:(2,3,3,2,1,2,1)=0.6000000000000001
3048:(2,3,3,2,2,0,1)=0.75
3049:(2,3,3,2,2,1,1)=0.6000000000000001
3052:(2,3,3,2,3,0,1)=1.0
3053:(2,3,3,2,3,1,1)=0.5
3054:(2,3,3,2,3,2,1)=0.5
3056:(2,3,3,3,0,0,1)=1.0
3057:(2,3,3,3,0,1,1)=1.0
3058:(2,3,3,3,0,2,1)=0.5000000000002001
3059:(2,3,3,3,0,3,1)=0.33333333333399995
3060:(2,3,3,3,1,0,1)=1.0
3061:(2,3,3,3,1,1,1)=0.5999999999998
3062:(2,3,3,3,1,2,1)=0.5999999999998
3064:(2,3,3,3,2,0,1)=0.7500000000001
3065:(2,3,3,3,2,1,1)=0.5999999999998
3068:(2,3,3,3,3,0,1)=1.0
3069:(2,3,3,3,3,1,1)=0.5000000000002001
3070:(2,3,3,3,3,2,1)=0.5000000000002001
3072:(3,0,0,0,0,0,1)=0.666666666667
3073:(3,0,0,0,0,1,1)=1.0
3074:(3,0,0,0,0,2,1)=1.0
3075:(3,0,0,0,0,3,1)=1.0
3076:(3,0,0,0,1,0,1)=0.5000000000002001
3077:(3,0,0,0,1,1,1)=0.5999999999998
3078:(3,0,0,0,1,2,1)=1.0
3079:(3,0,0,0,1,3,1)=1.0
3081:(3,0,0,0,2,1,1)=0.5999999999998
3082:(3,0,0,0,2,2,1)=0.5999999999998
3083:(3,0,0,0,2,3,1)=1.0
3086:(3,0,0,0,3,2,1)=0.5000000000002001
3087:(3,0,0,0,3,3,1)=0.666666666667
3088:(3,0,0,1,0,0,1)=0.6666666666668
3089:(3,0,0,1,0,1,1)=1.0
3090:(3,0,0,1,0,2,1)=1.0
3091:(3,0,0,1,0,3,1)=1.0
3092:(3,0,0,1,1,0,1)=0.5
3093:(3,0,0,1,1,1,1)=0.6000000000000001
3094:(3,0,0,1,1,2,1)=1.0
3095:(3,0,0,1,1,3,1)=1.0
3097:(3,0,0,1,2,1,1)=0.6000000000000001
3098:(3,0,0,1,2,2,1)=0.6000000000000001
3099:(3,0,0,1,2,3,1)=1.0
3102:(3,0,0,1,3,2,1)=0.5
3103:(3,0,0,1,3,3,1)=0.6666666666668
3104:(3,0,0,2,0,0,1)=0.6666666666668
3105:(3,0,0,2,0,1,1)=1.0
3106:(3,0,0,2,0,2,1)=1.0
3107:(3,0,0,2,0,3,1)=1.0
3108:(3,0,0,2,1,0,1)=0.5
3109:(3,0,0,2,1,1,1)=0.6000000000000001
3110:(3,0,0,2,1,2,1)=1.0
3111:(3,0,0,2,1,3,1)=1.0
3113:(3,0,0,2,2,1,1)=0.6000000000000001
3114:(3,0,0,2,2,2,1)=0.6000000000000001
3115:(3,0,0,2,2,3,1)=1.0
3118:(3,0,0,2,3,2,1)=0.5
3119:(3,0,0,2,3,3,1)=0.6666666666668
3120:(3,0,0,3,0,0,1)=0.666666666667
3121:(3,0,0,3,0,1,1)=1.0
3122:(3,0,0,3,0,2,1)=1.0
3123:(3,0,0,3,0,3,1)=1.0
3124:(3,0,0,3,1,0,1)=0.5000000000002001
3125:(3,0,0,3,1,1,1)=0.5999999999998
3126:(3,0,0,3,1,2,1)=1.0
3127:(3,0,0,3,1,3,1)=1.0
3129:(3,0,0,3,2,1,1)=0.5999999999998
3130:(3,0,0,3,2,2,1)=0.5999999999998
3131:(3,0,0,3,2,3,1)=1.0
3134:(3,0,0,3,3,2,1)=0.5000000000002001
3135:(3,0,0,3,3,3,1)=0.666666666667
3136:(3,0,1,0,0,0,1)=0.6666666666668
3137:(3,0,1,0,0,1,1)=1.0
3138:(3,0,1,0,0,2,1)=1.0
3139:(3,0,1,0,0,3,1)=1.0
3140:(3,0,1,0,1,0,1)=0.5
3141:(3,0,1,0,1,1,1)=0.6000000000000001
3142:(3,0,1,0,1,2,1)=1.0
3143:(3,0,1,0,1,3,1)=1.0
3145:(3,0,1,0,2,1,1)=0.6000000000000001
3146:(3,0,1,0,2,2,1)=0.6000000000000001
3147:(3,0,1,0,2,3,1)=1.0
3150:(3,0,1,0,3,2,1)=0.5
3151:(3,0,1,0,3,3,1)=0.6666666666668
3152:(3,0,1,1,0,0,1)=0.6666666666665
3153:(3,0,1,1,0,1,1)=1.0
3154:(3,0,1,1,0,2,1)=1.0
3155:(3,0,1,1,0,3,1)=1.0
3156:(3,0,1,1,1,0,1)=0.5
3157:(3,0,1,1,1,1,1)=0.6000000000000001
3158:(3,0,1,1,1,2,1)=1.0
3159:(3,0,1,1,1,3,1)=1.0
3161:(3,0,1,1,2,1,1)=0.6000000000000001
3162:(3,0,1,1,2,2,1)=0.6000000000000001
3163:(3,0,1,1,2,3,1)=1.0
3166:(3,0,1,1,3,2,1)=0.5
3167:(3,0,1,1,3,3,1)=0.6666666666665
3168:(3,0,1,2,0,0,1)=0.6666666666665
3169:(3,0,1,2,0,1,1)=1.0
3170:(3,0,1,2,0,2,1)=1.0
3171:(3,0,1,2,0,3,1)=1.0
3172:(3,0,1,2,1,0,1)=0.5
3173:(3,0,1,2,1,1,1)=0.6000000000000001
3174:(3,0,1,2,1,2,1)=1.0
3175:(3,0,1,2,1,3,1)=1.0
3177:(3,0,1,2,2,1,1)=0.6000000000000001
3178:(3,0,1,2,2,2,1)=0.6000000000000001
3179:(3,0,1,2,2,3,1)=1.0
3182:(3,0,1,2,3,2,1)=0.5
3183:(3,0,1,2,3,3,1)=0.6666666666665
3184:(3,0,1,3,0,0,1)=0.6666666666668
3185:(3,0,1,3,0,1,1)=1.0
3186:(3,0,1,3,0,2,1)=1.0
3187:(3,0,1,3,0,3,1)=1.0
3188:(3,0,1,3,1,0,1)=0.5
3189:(3,0,1,3,1,1,1)=0.6000000000000001
3190:(3,0,1,3,1,2,1)=1.0
3191:(3,0,1,3,1,3,1)=1.0
3193:(3,0,1,3,2,1,1)=0.6000000000000001
3194:(3,0,1,3,2,2,1)=0.6000000000000001
3195:(3,0,1,3,2,3,1)=1.0
3198:(3,0,1,3,3,2,1)=0.5
3199:(3,0,1,3,3,3,1)=0.6666666666668
3200:(3,0,2,0,0,0,1)=0.6666666666668
3201:(3,0,2,0,0,1,1)=1.0
3202:(3,0,2,0,0,2,1)=1.0
3203:(3,0,2,0,0,3,1)=1.0
3204:(3,0,2,0,1,0,1)=0.5
3205:(3,0,2,0,1,1,1)=0.6000000000000001
3206:(3,0,2,0,1,2,1)=1.0
3207:(3,0,2,0,1,3,1)=1.0
3209:(3,0,2,0,2,1,1)=0.6000000000000001
3210:(3,0,2,0,2,2,1)=0.6000000000000001
3211:(3,0,2,0,2,3,1)=1.0
3214:(3,0,2,0,3,2,1)=0.5
3215:(3,0,2,0,3,3,1)=0.6666666666668
3216:(3,0,2,1,0,0,1)=0.6666666666665
3217:(3,0,2,1,0,1,1)=1.0
3218:(3,0,2,1,0,2,1)=1.0
3219:(3,0,2,1,0,3,1)=1.0
3220:(3,0,2,1,1,0,1)=0.5
3221:(3,0,2,1,1,1,1)=0.6000000000000001
3222:(3,0,2,1,1,2,1)=1.0
3223:(3,0,2,1,1,3,1)=1.0
3225:(3,0,2,1,2,1,1)=0.6000000000000001
3226:(3,0,2,1,2,2,1)=0.6000000000000001
3227:(3,0,2,1,2,3,1)=1.0
3230:(3,0,2,1,3,2,1)=0.5
3231:(3,0,2,1,3,3,1)=0.6666666666665
3232:(3,0,2,2,0,0,1)=0.6666666666665
3233:(3,0,2,2,0,1,1)=1.0
3234:(3,0,2,2,0,2,1)=1.0
3235:(3,0,2,2,0,3,1)=1.0
3236:(3,0,2,2,1,0,1)=0.5
3237:(3,0,2,2,1,1,1)=0.6000000000000001
3238:(3,0,2,2,1,2,1)=1.0
3239:(3,0,2,2,1,3,1)=1.0
3241:(3,0,2,2,2,1,1)=0.6000000000000001
3242:(3,0,2,2,2,2,1)=0.6000000000000001
3243:(3,0,2,2,2,3,1)=1.0
3246:(3,0,2,2,3,2,1)=0.5
3247:(3,0,2,2,3,3,1)=0.6666666666665
3248:(3,0,2,3,0,0,1)=0.6666666666668
3249:(3,0,2,3,0,1,1)=1.0
3250:(3,0,2,3,0,2,1)=1.0
3251:(3,0,2,3,0,3,1)=1.0
3252:(3,0,2,3,1,0,1)=0.5
3253:(3,0,2,3,1,1,1)=0.6000000000000001
3254:(3,0,2,3,1,2,1)=1.0
3255:(3,0,2,3,1,3,1)=1.0
3257:(3,0,2,3,2,1,1)=0.6000000000000001
3258:(3,0,2,3,2,2,1)=0.6000000000000001
3259:(3,0,2,3,2,3,1)=1.0
3262:(3,0,2,3,3,2,1)=0.5
3263:(3,0,2,3,3,3,1)=0.6666666666668
3264:(3,0,3,0,0,0,1)=0.666666666667
3265:(3,0,3,0,0,1,1)=1.0
3266:(3,0,3,0,0,2,1)=1.0
3267:(3,0,3,0,0,3,1)=1.0
3268:(3,0,3,0,1,0,1)=0.5000000000002001
3269:(3,0,3,0,1,1,1)=0.5999999999998
3270:(3,0,3,0,1,2,1)=1.0
3271:(3,0,3,0,1,3,1)=1.0
3273:(3,0,3,0,2,1,1)=0.5999999999998
3274:(3,0,3,0,2,2,1)=0.5999999999998
3275:(3,0,3,0,2,3,1)=1.0
3278:(3,0,3,0,3,2,1)=0.5000000000002001
3279:(3,0,3,0,3,3,1)=0.666666666667
3280:(3,0,3,1,0,0,1)=0.6666666666668
3281:(3,0,3,1,0,1,1)=1.0
3282:(3,0,3,1,0,2,1)=1.0
3283:(3,0,3,1,0,3,1)=1.0
3284:(3,0,3,1,1,0,1)=0.5
3285:(3,0,3,1,1,1,1)=0.6000000000000001
3286:(3,0,3,1,1,2,1)=1.0
3287:(3,0,3,1,1,3,1)=1.0
3289:(3,0,3,1,2,1,1)=0.6000000000000001
3290:(3,0,3,1,2,2,1)=0.6000000000000001
3291:(3,0,3,1,2,3,1)=1.0
3294:(3,0,3,1,3,2,1)=0.5
3295:(3,0,3,1,3,3,1)=0.6666666666668
3296:(3,0,3,2,0,0,1)=0.6666666666668
3297:(3,0,3,2,0,1,1)=1.0
3298:(3,0,3,2,0,2,1)=1.0
3299:(3,0,3,2,0,3,1)=1.0
3300:(3,0,3,2,1,0,1)=0.5
3301:(3,0,3,2,1,1,1)=0.6000000000000001
3302:(3,0,3,2,1,2,1)=1.0
3303:(3,0,3,2,1,3,1)=1.0
3305:(3,0,3,2,2,1,1)=0.6000000000000001
3306:(3,0,3,2,2,2,1)=0.6000000000000001
3307:(3,0,3,2,2,3,1)=1.0
3310:(3,0,3,2,3,2,1)=0.5
3311:(3,0,3,2,3,3,1)=0.6666666666668
3312:(3,0,3,3,0,0,1)=0.666666666667
3313:(3,0,3,3,0,1,1)=1.0
3314:(3,0,3,3,0,2,1)=1.0
3315:(3,0,3,3,0,3,1)=1.0
3316:(3,0,3,3,1,0,1)=0.5000000000002001
3317:(3,0,3,3,1,1,1)=0.5999999999998
3318:(3,0,3,3,1,2,1)=1.0
3319:(3,0,3,3,1,3,1)=1.0
3321:(3,0,3,3,2,1,1)=0.5999999999998
3322:(3,0,3,3,2,2,1)=0.5999999999998
3323:(3,0,3,3,2,3,1)=1.0
3326:(3,0,3,3,3,2,1)=0.5000000000002001
3327:(3,0,3,3,3,3,1)=0.666666666667
3328:(3,1,0,0,0,0,1)=1.0
3329:(3,1,0,0,0,1,1)=0.7500000000001
3330:(3,1,0,0,0,2,1)=1.0
3331:(3,1,0,0,0,3,1)=1.0
3332:(3,1,0,0,1,0,1)=0.5000000000002001
3333:(3,1,0,0,1,1,1)=0.5999999999998
3334:(3,1,0,0,1,2,1)=0.5999999999998
3335:(3,1,0,0,1,3,1)=1.0
3336:(3,1,0,0,2,0,1)=0.5000000000002001
3338:(3,1,0,0,2,2,1)=0.5999999999998
3339:(3,1,0,0,2,3,1)=0.5000000000002001
3343:(3,1,0,0,3,3,1)=0.33333333333399995
3344:(3,1,0,1,0,0,1)=1.0
3345:(3,1,0,1,0,1,1)=0.75
3346:(3,1,0,1,0,2,1)=1.0
3347:(3,1,0,1,0,3,1)=1.0
3348:(3,1,0,1,1,0,1)=0.5
3349:(3,1,0,1,1,1,1)=0.6000000000000001
3350:(3,1,0,1,1,2,1)=0.6000000000000001
3351:(3,1,0,1,1,3,1)=1.0
3352:(3,1,0,1,2,0,1)=0.5
3354:(3,1,0,1,2,2,1)=0.6000000000000001
3355:(3,1,0,1,2,3,1)=0.5
3359:(3,1,0,1,3,3,1)=0.33333333333360005
3360:(3,1,0,2,0,0,1)=1.0
3361:(3,1,0,2,0,1,1)=0.75
3362:(3,1,0,2,0,2,1)=1.0
3363:(3,1,0,2,0,3,1)=1.0
3364:(3,1,0,2,1,0,1)=0.5
3365:(3,1,0,2,1,1,1)=0.6000000000000001
3366:(3,1,0,2,1,2,1)=0.6000000000000001
3367:(3,1,0,2,1,3,1)=1.0
3368:(3,1,0,2,2,0,1)=0.5
3370:(3,1,0,2,2,2,1)=0.6000000000000001
3371:(3,1,0,2,2,3,1)=0.5
3375:(3,1,0,2,3,3,1)=0.33333333333360005
3376:(3,1,0,3,0,0,1)=1.0
3377:(3,1,0,3,0,1,1)=0.7500000000001
3378:(3,1,0,3,0,2,1)=1.0
3379:(3,1,0,3,0,3,1)=1.0
3380:(3,1,0,3,1,0,1)=0.5000000000002001
3381:(3,1,0,3,1,1,1)=0.5999999999998
3382:(3,1,0,3,1,2,1)=0.5999999999998
3383:(3,1,0,3,1,3,1)=1.0
3384:(3,1,0,3,2,0,1)=0.5000000000002001
3386:(3,1,0,3,2,2,1)=0.5999999999998
3387:(3,1,0,3,2,3,1)=0.5000000000002001
3391:(3,1,0,3,3,3,1)=0.33333333333399995
3392:(3,1,1,0,0,0,1)=1.0
3393:(3,1,1,0,0,1,1)=0.75
3394:(3,1,1,0,0,2,1)=1.0
3395:(3,1,1,0,0,3,1)=1.0
3396:(3,1,1,0,1,0,1)=0.5
3397:(3,1,1,0,1,1,1)=0.6000000000000001
3398:(3,1,1,0,1,2,1)=0.6000000000000001
3399:(3,1,1,0,1,3,1)=1.0
3400:(3,1,1,0,2,0,1)=0.5
3402:(3,1,1,0,2,2,1)=0.6000000000000001
3403:(3,1,1,0,2,3,1)=0.5
3407:(3,1,1,0,3,3,1)=0.33333333333360005
3408:(3,1,1,1,0,0,1)=1.0
3409:(3,1,1,1,0,1,1)=0.75
3410:(3,1,1,1,0,2,1)=1.0
3411:(3,1,1,1,0,3,1)=1.0
3412:(3,1,1,1,1,0,1)=0.5
3413:(3,1,1,1,1,1,1)=0.6000000000000001
3414:(3,1,1,1,1,2,1)=0.6000000000000001
3415:(3,1,1,1,1,3,1)=1.0
3416:(3,1,1,1,2,0,1)=0.5
3418:(3,1,1,1,2,2,1)=0.6000000000000001
3419:(3,1,1,1,2,3,1)=0.5
3423:(3,1,1,1,3,3,1)=0.3333333333330001
3424:(3,1,1,2,0,0,1)=1.0
3425:(3,1,1,2,0,1,1)=0.75
3426:(3,1,1,2,0,2,1)=1.0
3427:(3,1,1,2,0,3,1)=1.0
3428:(3,1,1,2,1,0,1)=0.5
3429:(3,1,1,2,1,1,1)=0.6000000000000001
3430:(3,1,1,2,1,2,1)=0.6000000000000001
3431:(3,1,1,2,1,3,1)=1.0
3432:(3,1,1,2,2,0,1)=0.5
3434:(3,1,1,2,2,2,1)=0.6000000000000001
3435:(3,1,1,2,2,3,1)=0.5
3439:(3,1,1,2,3,3,1)=0.3333333333330001
3440:(3,1,1,3,0,0,1)=1.0
3441:(3,1,1,3,0,1,1)=0.75
3442:(3,1,1,3,0,2,1)=1.0
3443:(3,1,1,3,0,3,1)=1.0
3444:(3,1,1,3,1,0,1)=0.5
3445:(3,1,1,3,1,1,1)=0.6000000000000001
3446:(3,1,1,3,1,2,1)=0.6000000000000001
3447:(3,1,1,3,1,3,1)=1.0
3448:(3,1,1,3,2,0,1)=0.5
3450:(3,1,1,3,2,2,1)=0.6000000000000001
3451:(3,1,1,3,2,3,1)=0.5
3455:(3,1,1,3,3,3,1)=0.33333333333360005
3456:(3,1,2,0,0,0,1)=1.0
3457:(3,1,2,0,0,1,1)=0.75
3458:(3,1,2,0,0,2,1)=1.0
3459:(3,1,2,0,0,3,1)=1.0
3460:(3,1,2,0,1,0,1)=0.5
3461:(3,1,2,0,1,1,1)=0.6000000000000001
3462:(3,1,2,0,1,2,1)=0.6000000000000001
3463:(3,1,2,0,1,3,1)=1.0
3464:(3,1,2,0,2,0,1)=0.5
3466:(3,1,2,0,2,2,1)=0.6000000000000001
3467:(3,1,2,0,2,3,1)=0.5
3471:(3,1,2,0,3,3,1)=0.33333333333360005
3472:(3,1,2,1,0,0,1)=1.0
3473:(3,1,2,1,0,1,1)=0.75
3474:(3,1,2,1,0,2,1)=1.0
3475:(3,1,2,1,0,3,1)=1.0
3476:(3,1,2,1,1,0,1)=0.5
3477:(3,1,2,1,1,1,1)=0.6000000000000001
3478:(3,1,2,1,1,2,1)=0.6000000000000001
3479:(3,1,2,1,1,3,1)=1.0
3480:(3,1,2,1,2,0,1)=0.5
3482:(3,1,2,1,2,2,1)=0.6000000000000001
3483:(3,1,2,1,2,3,1)=0.5
3487:(3,1,2,1,3,3,1)=0.3333333333330001
3488:(3,1,2,2,0,0,1)=1.0
3489:(3,1,2,2,0,1,1)=0.75
3490:(3,1,2,2,0,2,1)=1.0
3491:(3,1,2,2,0,3,1)=1.0
3492:(3,1,2,2,1,0,1)=0.5
3493:(3,1,2,2,1,1,1)=0.6000000000000001
3494:(3,1,2,2,1,2,1)=0.6000000000000001
3495:(3,1,2,2,1,3,1)=1.0
3496:(3,1,2,2,2,0,1)=0.5
3498:(3,1,2,2,2,2,1)=0.6000000000000001
3499:(3,1,2,2,2,3,1)=0.5
3503:(3,1,2,2,3,3,1)=0.3333333333330001
3504:(3,1,2,3,0,0,1)=1.0
3505:(3,1,2,3,0,1,1)=0.75
3506:(3,1,2,3,0,2,1)=1.0
3507:(3,1,2,3,0,3,1)=1.0
3508:(3,1,2,3,1,0,1)=0.5
3509:(3,1,2,3,1,1,1)=0.6000000000000001
3510:(3,1,2,3,1,2,1)=0.6000000000000001
3511:(3,1,2,3,1,3,1)=1.0
3512:(3,1,2,3,2,0,1)=0.5
3514:(3,1,2,3,2,2,1)=0.6000000000000001
3515:(3,1,2,3,2,3,1)=0.5
3519:(3,1,2,3,3,3,1)=0.33333333333360005
3520:(3,1,3,0,0,0,1)=1.0
3521:(3,1,3,0,0,1,1)=0.7500000000001
3522:(3,1,3,0,0,2,1)=1.0
3523:(3,1,3,0,0,3,1)=1.0
3524:(3,1,3,0,1,0,1)=0.5000000000002001
3525:(3,1,3,0,1,1,1)=0.5999999999998
3526:(3,1,3,0,1,2,1)=0.5999999999998
3527:(3,1,3,0,1,3,1)=1.0
3528:(3,1,3,0,2,0,1)=0.5000000000002001
3530:(3,1,3,0,2,2,1)=0.5999999999998
3531:(3,1,3,0,2,3,1)=0.5000000000002001
3535:(3,1,3,0,3,3,1)=0.33333333333399995
3536:(3,1,3,1,0,0,1)=1.0
3537:(3,1,3,1,0,1,1)=0.75
3538:(3,1,3,1,0,2,1)=1.0
3539:(3,1,3,1,0,3,1)=1.0
3540:(3,1,3,1,1,0,1)=0.5
3541:(3,1,3,1,1,1,1)=0.6000000000000001
3542:(3,1,3,1,1,2,1)=0.6000000000000001
3543:(3,1,3,1,1,3,1)=1.0
3544:(3,1,3,1,2,0,1)=0.5
3546:(3,1,3,1,2,2,1)=0.6000000000000001
3547:(3,1,3,1,2,3,1)=0.5
3551:(3,1,3,1,3,3,1)=0.33333333333360005
3552:(3,1,3,2,0,0,1)=1.0
3553:(3,1,3,2,0,1,1)=0.75
3554:(3,1,3,2,0,2,1)=1.0
3555:(3,1,3,2,0,3,1)=1.0
3556:(3,1,3,2,1,0,1)=0.5
3557:(3,1,3,2,1,1,1)=0.6000000000000001
3558:(3,1,3,2,1,2,1)=0.6000000000000001
3559:(3,1,3,2,1,3,1)=1.0
3560:(3,1,3,2,2,0,1)=0.5
3562:(3,1,3,2,2,2,1)=0.6000000000000001
3563:(3,1,3,2,2,3,1)=0.5
3567:(3,1,3,2,3,3,1)=0.33333333333360005
3568:(3,1,3,3,0,0,1)=1.0
3569:(3,1,3,3,0,1,1)=0.7500000000001
3570:(3,1,3,3,0,2,1)=1.0
3571:(3,1,3,3,0,3,1)=1.0
3572:(3,1,3,3,1,0,1)=0.5000000000002001
3573:(3,1,3,3,1,1,1)=0.5999999999998
3574:(3,1,3,3,1,2,1)=0.5999999999998
3575:(3,1,3,3,1,3,1)=1.0
3576:(3,1,3,3,2,0,1)=0.5000000000002001
3578:(3,1,3,3,2,2,1)=0.5999999999998
3579:(3,1,3,3,2,3,1)=0.5000000000002001
3583:(3,1,3,3,3,3,1)=0.33333333333399995
3584:(3,2,0,0,0,0,1)=1.0
3585:(3,2,0,0,0,1,1)=1.0
3586:(3,2,0,0,0,2,1)=0.7500000000001
3587:(3,2,0,0,0,3,1)=1.0
3588:(3,2,0,0,1,0,1)=1.0
3589:(3,2,0,0,1,1,1)=0.5999999999998
3590:(3,2,0,0,1,2,1)=0.5999999999998
3591:(3,2,0,0,1,3,1)=0.5000000000002001
3592:(3,2,0,0,2,0,1)=0.5000000000002001
3593:(3,2,0,0,2,1,1)=0.5999999999998
3595:(3,2,0,0,2,3,1)=0.5000000000002001
3596:(3,2,0,0,3,0,1)=0.33333333333399995
3600:(3,2,0,1,0,0,1)=1.0
3601:(3,2,0,1,0,1,1)=1.0
3602:(3,2,0,1,0,2,1)=0.75
3603:(3,2,0,1,0,3,1)=1.0
3604:(3,2,0,1,1,0,1)=1.0
3605:(3,2,0,1,1,1,1)=0.6000000000000001
3606:(3,2,0,1,1,2,1)=0.6000000000000001
3607:(3,2,0,1,1,3,1)=0.5
3608:(3,2,0,1,2,0,1)=0.5
3609:(3,2,0,1,2,1,1)=0.6000000000000001
3611:(3,2,0,1,2,3,1)=0.5
3612:(3,2,0,1,3,0,1)=0.33333333333360005
3616:(3,2,0,2,0,0,1)=1.0
3617:(3,2,0,2,0,1,1)=1.0
3618:(3,2,0,2,0,2,1)=0.75
3619:(3,2,0,2,0,3,1)=1.0
3620:(3,2,0,2,1,0,1)=1.0
3621:(3,2,0,2,1,1,1)=0.6000000000000001
3622:(3,2,0,2,1,2,1)=0.6000000000000001
3623:(3,2,0,2,1,3,1)=0.5
3624:(3,2,0,2,2,0,1)=0.5
3625:(3,2,0,2,2,1,1)=0.6000000000000001
3627:(3,2,0,2,2,3,1)=0.5
3628:(3,2,0,2,3,0,1)=0.33333333333360005
3632:(3,2,0,3,0,0,1)=1.0
3633:(3,2,0,3,0,1,1)=1.0
3634:(3,2,0,3,0,2,1)=0.7500000000001
3635:(3,2,0,3,0,3,1)=1.0
3636:(3,2,0,3,1,0,1)=1.0
3637:(3,2,0,3,1,1,1)=0.5999999999998
3638:(3,2,0,3,1,2,1)=0.5999999999998
3639:(3,2,0,3,1,3,1)=0.5000000000002001
3640:(3,2,0,3,2,0,1)=0.5000000000002001
3641:(3,2,0,3,2,1,1)=0.5999999999998
3643:(3,2,0,3,2,3,1)=0.5000000000002001
3644:(3,2,0,3,3,0,1)=0.33333333333399995
3648:(3,2,1,0,0,0,1)=1.0
3649:(3,2,1,0,0,1,1)=1.0
3650:(3,2,1,0,0,2,1)=0.75
3651:(3,2,1,0,0,3,1)=1.0
3652:(3,2,1,0,1,0,1)=1.0
3653:(3,2,1,0,1,1,1)=0.6000000000000001
3654:(3,2,1,0,1,2,1)=0.6000000000000001
3655:(3,2,1,0,1,3,1)=0.5
3656:(3,2,1,0,2,0,1)=0.5
3657:(3,2,1,0,2,1,1)=0.6000000000000001
3659:(3,2,1,0,2,3,1)=0.5
3660:(3,2,1,0,3,0,1)=0.33333333333360005
3664:(3,2,1,1,0,0,1)=1.0
3665:(3,2,1,1,0,1,1)=1.0
3666:(3,2,1,1,0,2,1)=0.75
3667:(3,2,1,1,0,3,1)=1.0
3668:(3,2,1,1,1,0,1)=1.0
3669:(3,2,1,1,1,1,1)=0.6000000000000001
3670:(3,2,1,1,1,2,1)=0.6000000000000001
3671:(3,2,1,1,1,3,1)=0.5
3672:(3,2,1,1,2,0,1)=0.5
3673:(3,2,1,1,2,1,1)=0.6000000000000001
3675:(3,2,1,1,2,3,1)=0.5
3676:(3,2,1,1,3,0,1)=0.3333333333330001
3680:(3,2,1,2,0,0,1)=1.0
3681:(3,2,1,2,0,1,1)=1.0
3682:(3,2,1,2,0,2,1)=0.75
3683:(3,2,1,2,0,3,1)=1.0
3684:(3,2,1,2,1,0,1)=1.0
3685:(3,2,1,2,1,1,1)=0.6000000000000001
3686:(3,2,1,2,1,2,1)=0.6000000000000001
3687:(3,2,1,2,1,3,1)=0.5
3688:(3,2,1,2,2,0,1)=0.5
3689:(3,2,1,2,2,1,1)=0.6000000000000001
3691:(3,2,1,2,2,3,1)=0.5
3692:(3,2,1,2,3,0,1)=0.3333333333330001
3696:(3,2,1,3,0,0,1)=1.0
3697:(3,2,1,3,0,1,1)=1.0
3698:(3,2,1,3,0,2,1)=0.75
3699:(3,2,1,3,0,3,1)=1.0
3700:(3,2,1,3,1,0,1)=1.0
3701:(3,2,1,3,1,1,1)=0.6000000000000001
3702:(3,2,1,3,1,2,1)=0.6000000000000001
3703:(3,2,1,3,1,3,1)=0.5
3704:(3,2,1,3,2,0,1)=0.5
3705:(3,2,1,3,2,1,1)=0.6000000000000001
3707:(3,2,1,3,2,3,1)=0.5
3708:(3,2,1,3,3,0,1)=0.33333333333360005
3712:(3,2,2,0,0,0,1)=1.0
3713:(3,2,2,0,0,1,1)=1.0
3714:(3,2,2,0,0,2,1)=0.75
3715:(3,2,2,0,0,3,1)=1.0
3716:(3,2,2,0,1,0,1)=1.0
3717:(3,2,2,0,1,1,1)=0.6000000000000001
3718:(3,2,2,0,1,2,1)=0.6000000000000001
3719:(3,2,2,0,1,3,1)=0.5
3720:(3,2,2,0,2,0,1)=0.5
3721:(3,2,2,0,2,1,1)=0.6000000000000001
3723:(3,2,2,0,2,3,1)=0.5
3724:(3,2,2,0,3,0,1)=0.33333333333360005
3728:(3,2,2,1,0,0,1)=1.0
3729:(3,2,2,1,0,1,1)=1.0
3730:(3,2,2,1,0,2,1)=0.75
3731:(3,2,2,1,0,3,1)=1.0
3732:(3,2,2,1,1,0,1)=1.0
3733:(3,2,2,1,1,1,1)=0.6000000000000001
3734:(3,2,2,1,1,2,1)=0.6000000000000001
3735:(3,2,2,1,1,3,1)=0.5
3736:(3,2,2,1,2,0,1)=0.5
3737:(3,2,2,1,2,1,1)=0.6000000000000001
3739:(3,2,2,1,2,3,1)=0.5
3740:(3,2,2,1,3,0,1)=0.3333333333330001
3744:(3,2,2,2,0,0,1)=1.0
3745:(3,2,2,2,0,1,1)=1.0
3746:(3,2,2,2,0,2,1)=0.75
3747:(3,2,2,2,0,3,1)=1.0
3748:(3,2,2,2,1,0,1)=1.0
3749:(3,2,2,2,1,1,1)=0.6000000000000001
3750:(3,2,2,2,1,2,1)=0.6000000000000001
3751:(3,2,2,2,1,3,1)=0.5
3752:(3,2,2,2,2,0,1)=0.5
3753:(3,2,2,2,2,1,1)=0.6000000000000001
3755:(3,2,2,2,2,3,1)=0.5
3756:(3,2,2,2,3,0,1)=0.3333333333330001
3760:(3,2,2,3,0,0,1)=1.0
3761:(3,2,2,3,0,1,1)=1.0
3762:(3,2,2,3,0,2,1)=0.75
3763:(3,2,2,3,0,3,1)=1.0
3764:(3,2,2,3,1,0,1)=1.0
3765:(3,2,2,3,1,1,1)=0.6000000000000001
3766:(3,2,2,3,1,2,1)=0.6000000000000001
3767:(3,2,2,3,1,3,1)=0.5
3768:(3,2,2,3,2,0,1)=0.5
3769:(3,2,2,3,2,1,1)=0.6000000000000001
3771:(3,2,2,3,2,3,1)=0.5
3772:(3,2,2,3,3,0,1)=0.33333333333360005
3776:(3,2,3,0,0,0,1)=1.0
3777:(3,2,3,0,0,1,1)=1.0
3778:(3,2,3,0,0,2,1)=0.7500000000001
3779:(3,2,3,0,0,3,1)=1.0
3780:(3,2,3,0,1,0,1)=1.0
3781:(3,2,3,0,1,1,1)=0.5999999999998
3782:(3,2,3,0,1,2,1)=0.5999999999998
3783:(3,2,3,0,1,3,1)=0.5000000000002001
3784:(3,2,3,0,2,0,1)=0.5000000000002001
3785:(3,2,3,0,2,1,1)=0.5999999999998
3787:(3,2,3,0,2,3,1)=0.5000000000002001
3788:(3,2,3,0,3,0,1)=0.33333333333399995
3792:(3,2,3,1,0,0,1)=1.0
3793:(3,2,3,1,0,1,1)=1.0
3794:(3,2,3,1,0,2,1)=0.75
3795:(3,2,3,1,0,3,1)=1.0
3796:(3,2,3,1,1,0,1)=1.0
3797:(3,2,3,1,1,1,1)=0.6000000000000001
3798:(3,2,3,1,1,2,1)=0.6000000000000001
3799:(3,2,3,1,1,3,1)=0.5
3800:(3,2,3,1,2,0,1)=0.5
3801:(3,2,3,1,2,1,1)=0.6000000000000001
3803:(3,2,3,1,2,3,1)=0.5
3804:(3,2,3,1,3,0,1)=0.33333333333360005
3808:(3,2,3,2,0,0,1)=1.0
3809:(3,2,3,2,0,1,1)=1.0
3810:(3,2,3,2,0,2,1)=0.75
3811:(3,2,3,2,0,3,1)=1.0
3812:(3,2,3,2,1,0,1)=1.0
3813:(3,2,3,2,1,1,1)=0.6000000000000001
3814:(3,2,3,2,1,2,1)=0.6000000000000001
3815:(3,2,3,2,1,3,1)=0.5
3816:(3,2,3,2,2,0,1)=0.5
3817:(3,2,3,2,2,1,1)=0.6000000000000001
3819:(3,2,3,2,2,3,1)=0.5
3820:(3,2,3,2,3,0,1)=0.33333333333360005
3824:(3,2,3,3,0,0,1)=1.0
3825:(3,2,3,3,0,1,1)=1.0
3826:(3,2,3,3,0,2,1)=0.7500000000001
3827:(3,2,3,3,0,3,1)=1.0
3828:(3,2,3,3,1,0,1)=1.0
3829:(3,2,3,3,1,1,1)=0.5999999999998
3830:(3,2,3,3,1,2,1)=0.5999999999998
3831:(3,2,3,3,1,3,1)=0.5000000000002001
3832:(3,2,3,3,2,0,1)=0.5000000000002001
3833:(3,2,3,3,2,1,1)=0.5999999999998
3835:(3,2,3,3,2,3,1)=0.5000000000002001
3836:(3,2,3,3,3,0,1)=0.33333333333399995
3840:(3,3,0,0,0,0,1)=1.0
3841:(3,3,0,0,0,1,1)=1.0
3842:(3,3,0,0,0,2,1)=1.0
3843:(3,3,0,0,0,3,1)=0.666666666667
3844:(3,3,0,0,1,0,1)=1.0
3845:(3,3,0,0,1,1,1)=1.0
3846:(3,3,0,0,1,2,1)=0.5999999999998
3847:(3,3,0,0,1,3,1)=0.5000000000002001
3848:(3,3,0,0,2,0,1)=1.0
3849:(3,3,0,0,2,1,1)=0.5999999999998
3850:(3,3,0,0,2,2,1)=0.5999999999998
3852:(3,3,0,0,3,0,1)=0.666666666667
3853:(3,3,0,0,3,1,1)=0.5000000000002001
3856:(3,3,0,1,0,0,1)=1.0
3857:(3,3,0,1,0,1,1)=1.0
3858:(3,3,0,1,0,2,1)=1.0
3859:(3,3,0,1,0,3,1)=0.6666666666668
3860:(3,3,0,1,1,0,1)=1.0
3861:(3,3,0,1,1,1,1)=1.0
3862:(3,3,0,1,1,2,1)=0.6000000000000001
3863:(3,3,0,1,1,3,1)=0.5
3864:(3,3,0,1,2,0,1)=1.0
3865:(3,3,0,1,2,1,1)=0.6000000000000001
3866:(3,3,0,1,2,2,1)=0.6000000000000001
3868:(3,3,0,1,3,0,1)=0.6666666666668
3869:(3,3,0,1,3,1,1)=0.5
3872:(3,3,0,2,0,0,1)=1.0
3873:(3,3,0,2,0,1,1)=1.0
3874:(3,3,0,2,0,2,1)=1.0
3875:(3,3,0,2,0,3,1)=0.6666666666668
3876:(3,3,0,2,1,0,1)=1.0
3877:(3,3,0,2,1,1,1)=1.0
3878:(3,3,0,2,1,2,1)=0.6000000000000001
3879:(3,3,0,2,1,3,1)=0.5
3880:(3,3,0,2,2,0,1)=1.0
3881:(3,3,0,2,2,1,1)=0.6000000000000001
3882:(3,3,0,2,2,2,1)=0.6000000000000001
3884:(3,3,0,2,3,0,1)=0.6666666666668
3885:(3,3,0,2,3,1,1)=0.5
3888:(3,3,0,3,0,0,1)=1.0
3889:(3,3,0,3,0,1,1)=1.0
3890:(3,3,0,3,0,2,1)=1.0
3891:(3,3,0,3,0,3,1)=0.666666666667
3892:(3,3,0,3,1,0,1)=1.0
3893:(3,3,0,3,1,1,1)=1.0
3894:(3,3,0,3,1,2,1)=0.5999999999998
3895:(3,3,0,3,1,3,1)=0.5000000000002001
3896:(3,3,0,3,2,0,1)=1.0
3897:(3,3,0,3,2,1,1)=0.5999999999998
3898:(3,3,0,3,2,2,1)=0.5999999999998
3900:(3,3,0,3,3,0,1)=0.666666666667
3901:(3,3,0,3,3,1,1)=0.5000000000002001
3904:(3,3,1,0,0,0,1)=1.0
3905:(3,3,1,0,0,1,1)=1.0
3906:(3,3,1,0,0,2,1)=1.0
3907:(3,3,1,0,0,3,1)=0.6666666666668
3908:(3,3,1,0,1,0,1)=1.0
3909:(3,3,1,0,1,1,1)=1.0
3910:(3,3,1,0,1,2,1)=0.6000000000000001
3911:(3,3,1,0,1,3,1)=0.5
3912:(3,3,1,0,2,0,1)=1.0
3913:(3,3,1,0,2,1,1)=0.6000000000000001
3914:(3,3,1,0,2,2,1)=0.6000000000000001
3916:(3,3,1,0,3,0,1)=0.6666666666668
3917:(3,3,1,0,3,1,1)=0.5
3920:(3,3,1,1,0,0,1)=1.0
3921:(3,3,1,1,0,1,1)=1.0
3922:(3,3,1,1,0,2,1)=1.0
3923:(3,3,1,1,0,3,1)=0.6666666666665
3924:(3,3,1,1,1,0,1)=1.0
3925:(3,3,1,1,1,1,1)=1.0
3926:(3,3,1,1,1,2,1)=0.6000000000000001
3927:(3,3,1,1,1,3,1)=0.5
3928:(3,3,1,1,2,0,1)=1.0
3929:(3,3,1,1,2,1,1)=0.6000000000000001
3930:(3,3,1,1,2,2,1)=0.6000000000000001
3932:(3,3,1,1,3,0,1)=0.6666666666665
3933:(3,3,1,1,3,1,1)=0.5
3936:(3,3,1,2,0,0,1)=1.0
3937:(3,3,1,2,0,1,1)=1.0
3938:(3,3,1,2,0,2,1)=1.0
3939:(3,3,1,2,0,3,1)=0.6666666666665
3940:(3,3,1,2,1,0,1)=1.0
3941:(3,3,1,2,1,1,1)=1.0
3942:(3,3,1,2,1,2,1)=0.6000000000000001
3943:(3,3,1,2,1,3,1)=0.5
3944:(3,3,1,2,2,0,1)=1.0
3945:(3,3,1,2,2,1,1)=0.6000000000000001
3946:(3,3,1,2,2,2,1)=0.6000000000000001
3948:(3,3,1,2,3,0,1)=0.6666666666665
3949:(3,3,1,2,3,1,1)=0.5
3952:(3,3,1,3,0,0,1)=1.0
3953:(3,3,1,3,0,1,1)=1.0
3954:(3,3,1,3,0,2,1)=1.0
3955:(3,3,1,3,0,3,1)=0.6666666666668
3956:(3,3,1,3,1,0,1)=1.0
3957:(3,3,1,3,1,1,1)=1.0
3958:(3,3,1,3,1,2,1)=0.6000000000000001
3959:(3,3,1,3,1,3,1)=0.5
3960:(3,3,1,3,2,0,1)=1.0
3961:(3,3,1,3,2,1,1)=0.6000000000000001
3962:(3,3,1,3,2,2,1)=0.6000000000000001
3964:(3,3,1,3,3,0,1)=0.6666666666668
3965:(3,3,1,3,3,1,1)=0.5
3968:(3,3,2,0,0,0,1)=1.0
3969:(3,3,2,0,0,1,1)=1.0
3970:(3,3,2,0,0,2,1)=1.0
3971:(3,3,2,0,0,3,1)=0.6666666666668
3972:(3,3,2,0,1,0,1)=1.0
3973:(3,3,2,0,1,1,1)=1.0
3974:(3,3,2,0,1,2,1)=0.6000000000000001
3975:(3,3,2,0,1,3,1)=0.5
3976:(3,3,2,0,2,0,1)=1.0
3977:(3,3,2,0,2,1,1)=0.6000000000000001
3978:(3,3,2,0,2,2,1)=0.6000000000000001
3980:(3,3,2,0,3,0,1)=0.6666666666668
3981:(3,3,2,0,3,1,1)=0.5
3984:(3,3,2,1,0,0,1)=1.0
3985:(3,3,2,1,0,1,1)=1.0
3986:(3,3,2,1,0,2,1)=1.0
3987:(3,3,2,1,0,3,1)=0.6666666666665
3988:(3,3,2,1,1,0,1)=1.0
3989:(3,3,2,1,1,1,1)=1.0
3990:(3,3,2,1,1,2,1)=0.6000000000000001
3991:(3,3,2,1,1,3,1)=0.5
3992:(3,3,2,1,2,0,1)=1.0
3993:(3,3,2,1,2,1,1)=0.6000000000000001
3994:(3,3,2,1,2,2,1)=0.6000000000000001
3996:(3,3,2,1,3,0,1)=0.6666666666665
3997:(3,3,2,1,3,1,1)=0.5
4000:(3,3,2,2,0,0,1)=1.0
4001:(3,3,2,2,0,1,1)=1.0
4002:(3,3,2,2,0,2,1)=1.0
4003:(3,3,2,2,0,3,1)=0.6666666666665
4004:(3,3,2,2,1,0,1)=1.0
4005:(3,3,2,2,1,1,1)=1.0
4006:(3,3,2,2,1,2,1)=0.6000000000000001
4007:(3,3,2,2,1,3,1)=0.5
4008:(3,3,2,2,2,0,1)=1.0
4009:(3,3,2,2,2,1,1)=0.6000000000000001
4010:(3,3,2,2,2,2,1)=0.6000000000000001
4012:(3,3,2,2,3,0,1)=0.6666666666665
4013:(3,3,2,2,3,1,1)=0.5
4016:(3,3,2,3,0,0,1)=1.0
4017:(3,3,2,3,0,1,1)=1.0
4018:(3,3,2,3,0,2,1)=1.0
4019:(3,3,2,3,0,3,1)=0.6666666666668
4020:(3,3,2,3,1,0,1)=1.0
4021:(3,3,2,3,1,1,1)=1.0
4022:(3,3,2,3,1,2,1)=0.6000000000000001
4023:(3,3,2,3,1,3,1)=0.5
4024:(3,3,2,3,2,0,1)=1.0
4025:(3,3,2,3,2,1,1)=0.6000000000000001
4026:(3,3,2,3,2,2,1)=0.6000000000000001
4028:(3,3,2,3,3,0,1)=0.6666666666668
4029:(3,3,2,3,3,1,1)=0.5
4032:(3,3,3,0,0,0,1)=1.0
4033:(3,3,3,0,0,1,1)=1.0
4034:(3,3,3,0,0,2,1)=1.0
4035:(3,3,3,0,0,3,1)=0.666666666667
4036:(3,3,3,0,1,0,1)=1.0
4037:(3,3,3,0,1,1,1)=1.0
4038:(3,3,3,0,1,2,1)=0.5999999999998
4039:(3,3,3,0,1,3,1)=0.5000000000002001
4040:(3,3,3,0,2,0,1)=1.0
4041:(3,3,3,0,2,1,1)=0.5999999999998
4042:(3,3,3,0,2,2,1)=0.5999999999998
4044:(3,3,3,0,3,0,1)=0.666666666667
4045:(3,3,3,0,3,1,1)=0.5000000000002001
4048:(3,3,3,1,0,0,1)=1.0
4049:(3,3,3,1,0,1,1)=1.0
4050:(3,3,3,1,0,2,1)=1.0
4051:(3,3,3,1,0,3,1)=0.6666666666668
4052:(3,3,3,1,1,0,1)=1.0
4053:(3,3,3,1,1,1,1)=1.0
4054:(3,3,3,1,1,2,1)=0.6000000000000001
4055:(3,3,3,1,1,3,1)=0.5
4056:(3,3,3,1,2,0,1)=1.0
4057:(3,3,3,1,2,1,1)=0.6000000000000001
4058:(3,3,3,1,2,2,1)=0.6000000000000001
4060:(3,3,3,1,3,0,1)=0.6666666666668
4061:(3,3,3,1,3,1,1)=0.5
4064:(3,3,3,2,0,0,1)=1.0
4065:(3,3,3,2,0,1,1)=1.0
4066:(3,3,3,2,0,2,1)=1.0
4067:(3,3,3,2,0,3,1)=0.6666666666668
4068:(3,3,3,2,1,0,1)=1.0
4069:(3,3,3,2,1,1,1)=1.0
4070:(3,3,3,2,1,2,1)=0.6000000000000001
4071:(3,3,3,2,1,3,1)=0.5
4072:(3,3,3,2,2,0,1)=1.0
4073:(3,3,3,2,2,1,1)=0.6000000000000001
4074:(3,3,3,2,2,2,1)=0.6000000000000001
4076:(3,3,3,2,3,0,1)=0.6666666666668
4077:(3,3,3,2,3,1,1)=0.5
4080:(3,3,3,3,0,0,1)=1.0
4081:(3,3,3,3,0,1,1)=1.0
4082:(3,3,3,3,0,2,1)=1.0
4083:(3,3,3,3,0,3,1)=0.666666666667
4084:(3,3,3,3,1,0,1)=1.0
4085:(3,3,3,3,1,1,1)=1.0
4086:(3,3,3,3,1,2,1)=0.5999999999998
4087:(3,3,3,3,1,3,1)=0.5000000000002001
4088:(3,3,3,3,2,0,1)=1.0
4089:(3,3,3,3,2,1,1)=0.5999999999998
4090:(3,3,3,3,2,2,1)=0.5999999999998
4092:(3,3,3,3,3,0,1)=0.666666666667
4093:(3,3,3,3,3,1,1)=0.5000000000002001

Value in the initial state: 0.0

Time for model checking: 1.243 seconds.

Result: 0.0 (value in the initial state)

